-2 -5
-4 -10
-7 -14
-13 -16
-15 -16
-13 -6
-20 -6
-20 -3
-23 -1
-16 2
-9 6
-8 6
-2 8
4 6
7 8
8 14
14 17
14 11
13 4
14 -8
15 -8
19 -6
24 -12
21 -13
20 -20
13 -27
13 -16
10 -18
9 -20
6 -19
-2 -20
-6 -23
-3 -29
-7 -28
-13 -31
-18 -31
-20 -26
-20 -22
-30 -23
-29 -12
-34 -18
-35 -20
-36 -30
-42 -33
-47 -32
-51 -28
-50 -16
-48 -10
-59 -2
-61 -4
-66 -6
-64 -13
-66 -27
-68 -33
-68 -30
-69 -26
-73 -26
-83 -16
-78 -13
-81 -5
-70 2
-66 3
-67 8
-59 8
-57 13
-54 5
-37 7
-30 11
-27 15
-24 14
-18 24
-24 28
-34 31
-40 24
-50 31
-58 28
-67 28
-74 34
-82 38
-83 31
-78 27
-86 26
-88 31
-90 32
-94 28
-91 24
-93 18
-84 18
-88 4
-94 3
-98 3
-96 -4
-95 -9
-92 -22
-100 -25
-100 -28
-92 -33
-92 -34
-94 -42
-83 -40
-81 -50
-86 -48
-92 -50
-97 -46
-96 -55
-97 -59
-86 -60
-84 -67
-92 -67
-94 -66
-92 -71
-99 -74
-99 -80
-96 -80
-92 -84
-92 -85
-85 -80
-82 -81
-82 -82
-82 -79
-81 -77
-80 -75
-76 -67
-77 -63
-66 -60
-67 -65
-62 -71
-64 -71
-71 -71
-73 -71
-73 -72
-69 -76
-69 -77
-75 -87
-85 -89
-83 -92
-78 -96
-72 -94
-67 -96
-64 -93
-56 -92
-56 -81
-49 -84
-45 -82
-44 -93
-37 -95
-33 -96
-22 -100
-20 -95
-18 -84
-27 -83
-27 -90
-34 -88
-38 -88
-37 -83
-37 -73
-35 -72
-35 -71
-31 -75
-25 -64
-25 -59
-28 -57
-31 -56
-38 -60
-44 -63
-47 -58
-52 -59
-51 -54
-57 -43
-52 -41
-48 -42
-43 -47
-29 -44
-26 -42
-21 -40
-15 -41
-6 -42
-13 -50
-17 -54
-13 -57
-12 -55
-10 -52
-3 -54
3 -54
1 -48
15 -46
12 -54
13 -60
10 -65
5 -63
-1 -63
-4 -66
1 -65
1 -78
13 -81
14 -84
8 -88
-4 -92
-2 -98
8 -98
17 -96
21 -90
22 -86
27 -86
28 -88
30 -75
28 -72
27 -70
32 -67
32 -59
23 -55
22 -44
18 -37
23 -39
34 -40
34 -36
25 -32
30 -31
31 -31
35 -30
33 -23
32 -20
36 -20
34 -7
29 -6
28 -3
25 8
22 9
23 13
27 17
33 15
38 23
37 10
44 10
44 8
56 4
49 0
39 0
39 -6
47 -11
48 -11
60 -12
58 -7
69 -7
70 -10
78 -7
76 -23
75 -30
67 -32
64 -29
63 -28
64 -19
56 -19
59 -20
59 -23
53 -26
47 -32
44 -45
37 -49
38 -56
40 -58
42 -57
43 -56
47 -60
43 -71
47 -74
51 -82
47 -82
41 -83
39 -85
38 -89
33 -97
45 -94
47 -94
57 -96
55 -84
61 -78
62 -68
63 -62
67 -61
63 -57
55 -53
55 -51
53 -44
64 -43
79 -41
77 -49
73 -59
75 -61
82 -63
81 -66
79 -67
81 -74
75 -74
73 -75
71 -80
78 -83
82 -83
86 -80
86 -90
85 -90
82 -92
87 -99
97 -97
92 -91
96 -81
100 -79
94 -71
93 -66
98 -61
99 -54
87 -54
88 -47
97 -46
95 -44
93 -35
93 -33
98 -32
92 -29
88 -27
93 -22
94 -5
92 -4
93 1
98 2
81 13
69 17
58 17
58 20
50 24
53 30
52 38
58 36
58 38
61 46
61 41
64 38
65 37
69 40
84 38
91 35
90 54
92 52
95 52
93 56
91 59
99 59
99 58
94 68
97 80
99 93
94 91
84 94
77 98
79 88
75 86
58 85
52 100
45 96
34 97
23 87
21 86
30 81
35 81
38 82
41 80
47 83
53 79
64 75
81 76
85 76
87 73
81 73
81 61
81 50
73 54
64 60
57 65
57 51
53 49
49 51
44 56
44 58
43 52
47 46
44 39
37 38
36 40
36 33
20 32
20 34
30 36
28 38
27 40
25 45
24 54
26 56
28 58
23 61
29 67
34 71
25 72
21 72
19 74
10 70
4 71
3 68
-2 70
-9 65
-4 60
0 58
6 56
9 58
10 62
11 57
9 55
9 50
4 51
3 44
8 43
12 36
10 26
10 25
2 24
-8 26
-7 29
-9 31
-12 37
-19 34
-19 42
-8 45
-13 48
-10 50
-10 53
-14 55
-12 61
-14 72
-21 68
-22 62
-34 59
-34 51
-38 39
-39 46
-42 46
-47 46
-50 44
-54 40
-56 38
-59 38
-64 41
-69 47
-76 50
-77 51
-81 48
-90 43
-91 51
-89 53
-91 59
-87 66
-86 68
-94 70
-95 75
-99 76
-97 78
-93 81
-94 82
-94 96
-87 95
-82 87
-81 83
-75 86
-72 89
-70 82
-72 79
-77 77
-77 76
-74 62
-68 63
-63 67
-53 62
-44 69
-41 68
-41 75
-56 74
-58 76
-51 97
-44 97
-39 95
-34 96
-32 90
-29 78
-29 83
-28 83
-22 86
-17 82
-11 97
-4 96
