-2 2
11 -12
25 -18
39 -17
59 -20
59 -2
54 -1
62 9
70 8
95 -1
95 22
68 43
39 40
52 28
52 23
33 20
11 20
8 39
17 48
18 53
31 67
40 84
58 76
66 60
74 59
74 78
82 99
54 98
-11 94
-38 91
4 83
7 80
10 77
9 55
10 53
-6 52
-25 39
-45 68
-49 77
-61 76
-68 98
-84 87
-90 86
-93 88
-95 74
-93 70
-74 4
-64 1
-48 12
-26 9
-29 -18
-38 -18
-40 -22
-20 -19
-7 -38
4 -45
27 -39
28 -57
32 -61
33 -72
37 -69
48 -54
68 -48
72 -39
73 -30
91 -49
99 -77
100 -89
79 -80
82 -92
77 -96
64 -99
56 -92
55 -92
49 -93
45 -98
39 -86
30 -89
21 -92
9 -88
1 -93
-10 -76
-26 -57
-36 -50
-41 -63
-44 -64
-49 -86
-59 -84
-75 -83
-81 -90
-89 -94
-89 -88
-85 -75
-75 -72
-81 -68
-80 -66
-89 -62
-83 -49
-67 -45
-95 -30
