-130 -102
-834 102
-739 -208
-268 -319
-22 -537
-85 -556
-390 -593
-440 -1215
-41 -964
872 -865
1079 -763
1055 -114
1011 3
784 172
656 -35
693 -200
1173 -289
1337 -350
1434 -259
1336 147
1376 210
1261 276
1342 632
1759 611
1599 115
1996 -395
1851 -617
1920 -829
1726 -1018
1502 -1603
1488 -1680
1604 -1743
1031 -1785
1016 -1986
1128 -1766
1193 -1381
604 -1532
427 -1765
276 -1626
213 -1792
-297 -1734
-588 -1827
-568 -1951
-1505 -1985
-1249 -1744
-1196 -1698
-1423 -1596
-1653 -1303
-1733 -958
-1663 -772
-1379 -915
-1224 -787
-1250 -985
-1221 -1071
-980 -1304
-913 -1273
-833 -1113
-764 -959
-636 -965
-630 -615
-1949 -522
-1939 -149
-1749 119
-1869 302
-1941 543
-1678 501
-1520 399
-1437 508
-1708 989
-1847 1177
-1908 1714
-1292 1995
-1260 1668
-1358 1200
-1149 1131
-1069 884
-560 1039
-118 898
-44 270
351 353
347 679
498 663
865 515
848 824
1432 1057
1573 1341
1623 1167
1733 1069
1965 663
1967 806
1928 1456
1461 1991
1259 1814
222 1664
11 1364
-429 1384
-473 1265
-475 1416
-651 1403
-582 1644
