2 1
2 -1
0 -1
-2 -1
-2 0
-2 1
0 2
-1 4
1 4
2 6
2 8
2 10
1 12
4 12
3 9
3 10
5 10
7 10
6 10
7 9
6 7
8 7
9 8
9 10
9 9
10 8
11 7
11 9
12 9
12 8
13 6
13 4
15 2
15 3
17 4
18 1
17 1
16 2
16 0
16 -3
17 -2
17 -1
19 -1
20 2
19 4
20 6
23 6
24 6
25 7
24 8
25 10
25 11
26 11
27 9
27 5
25 3
25 5
23 5
23 4
23 2
21 2
22 -1
24 -1
25 -1
28 -1
29 -1
29 0
28 0
28 3
27 4
29 4
30 3
30 -1
30 -4
31 -4
31 -2
32 -1
33 1
33 -2
33 -3
33 -5
33 -6
34 -6
35 -8
34 -11
34 -12
35 -11
35 -13
35 -16
35 -14
36 -13
37 -14
38 -15
39 -17
39 -20
38 -21
38 -23
35 -19
34 -18
30 -18
31 -19
29 -19
27 -19
28 -20
28 -17
29 -16
30 -16
31 -14
32 -12
29 -11
29 -8
28 -10
24 -9
24 -12
25 -11
25 -12
25 -15
22 -12
21 -12
21 -10
22 -10
22 -9
20 -8
16 -8
16 -7
15 -6
18 -5
19 -5
20 -7
21 -7
21 -3
22 -4
22 -5
23 -5
23 -6
23 -7
26 -7
26 -4
25 -3
24 -3
26 -5
27 -6
28 -6
27 -7
29 -7
30 -6
32 -7
34 -7
35 -5
35 -1
36 -2
36 -4
36 -7
37 -6
37 -8
37 -10
40 -10
39 -9
40 -8
40 -5
40 -3
39 -3
38 -3
39 -6
38 -7
38 -10
43 -11
44 -11
43 -13
41 -12
41 -13
40 -14
41 -16
42 -15
46 -14
46 -15
47 -17
50 -17
51 -17
52 -18
50 -19
52 -19
51 -21
51 -22
50 -25
49 -24
50 -24
54 -24
54 -23
54 -22
56 -20
58 -21
59 -19
59 -20
61 -21
61 -19
62 -17
62 -18
66 -18
66 -17
65 -17
64 -18
63 -21
63 -23
61 -23
59 -24
60 -25
60 -26
59 -27
57 -25
56 -25
55 -23
55 -24
55 -27
54 -28
54 -29
54 -30
53 -30
50 -29
50 -28
53 -27
51 -26
50 -26
47 -25
46 -25
46 -24
46 -22
47 -20
48 -21
46 -21
45 -21
44 -17
45 -17
45 -18
43 -18
41 -19
43 -21
43 -23
44 -23
44 -26
45 -28
47 -28
48 -28
48 -29
47 -30
47 -32
47 -33
49 -33
51 -30
52 -30
52 -31
53 -33
55 -33
56 -33
58 -32
58 -30
57 -29
60 -30
61 -30
61 -27
62 -27
63 -26
63 -25
65 -24
67 -24
66 -23
66 -26
67 -26
69 -26
70 -28
70 -25
71 -26
72 -26
74 -26
73 -28
73 -27
74 -29
75 -29
76 -29
76 -31
74 -32
73 -31
72 -30
69 -31
69 -32
70 -32
70 -34
71 -34
72 -34
74 -34
72 -36
73 -36
75 -36
76 -36
78 -36
80 -36
79 -39
79 -41
79 -40
78 -39
78 -38
78 -37
76 -37
76 -38
75 -37
75 -39
72 -39
71 -38
69 -37
69 -33
67 -33
66 -34
66 -29
66 -30
64 -30
63 -29
63 -31
64 -31
65 -34
64 -34
63 -34
64 -36
66 -36
66 -37
67 -40
68 -40
69 -40
69 -41
68 -41
67 -41
67 -44
70 -44
71 -46
70 -46
68 -46
68 -45
68 -43
68 -42
67 -42
65 -43
65 -44
65 -47
65 -50
64 -50
63 -52
64 -52
66 -52
68 -50
69 -48
70 -47
70 -53
70 -55
72 -55
73 -56
73 -57
74 -55
75 -55
75 -54
76 -52
77 -51
77 -50
77 -49
76 -49
77 -47
78 -49
79 -49
80 -49
80 -47
79 -44
80 -44
80 -42
81 -42
79 -42
78 -42
78 -43
77 -44
77 -43
76 -43
74 -43
75 -45
76 -45
78 -46
78 -48
81 -48
82 -48
82 -52
83 -53
80 -53
80 -54
82 -54
81 -54
81 -56
80 -56
79 -56
79 -59
79 -60
78 -60
78 -63
80 -64
78 -65
77 -65
76 -65
76 -64
77 -64
75 -62
74 -62
71 -62
70 -62
68 -62
65 -61
64 -61
63 -57
63 -59
64 -59
67 -60
67 -56
68 -57
67 -58
70 -58
72 -59
74 -60
74 -59
75 -59
77 -59
76 -59
78 -59
80 -59
83 -60
83 -61
85 -61
87 -63
87 -65
86 -66
85 -65
85 -64
84 -64
84 -62
84 -58
85 -57
83 -56
83 -55
85 -55
88 -55
88 -56
87 -57
89 -58
95 -59
94 -59
93 -59
93 -62
95 -61
96 -61
96 -62
96 -63
97 -63
97 -62
98 -59
98 -62
100 -63
98 -63
97 -64
97 -65
99 -68
93 -67
94 -66
94 -65
92 -64
91 -64
91 -61
91 -63
89 -63
89 -62
89 -66
90 -67
88 -68
87 -69
89 -70
91 -71
93 -71
94 -74
93 -74
92 -74
92 -73
90 -73
91 -75
89 -75
88 -76
87 -76
88 -77
90 -79
89 -78
86 -78
86 -79
87 -79
85 -80
85 -81
85 -79
82 -78
81 -78
80 -78
80 -84
81 -87
80 -89
82 -89
82 -90
81 -92
83 -94
83 -95
83 -93
85 -93
88 -92
91 -92
92 -91
90 -91
90 -90
90 -89
90 -87
87 -87
86 -88
86 -86
85 -86
85 -84
83 -84
86 -84
87 -83
87 -85
88 -85
88 -84
89 -85
90 -85
93 -85
92 -85
92 -86
92 -87
92 -88
92 -90
93 -89
94 -90
96 -90
95 -85
94 -86
93 -82
90 -82
90 -81
91 -82
91 -81
91 -80
93 -80
92 -79
92 -78
94 -76
95 -76
96 -76
96 -77
97 -77
97 -75
100 -76
99 -78
98 -81
96 -84
97 -84
99 -85
100 -85
100 -86
100 -87
100 -89
100 -90
100 -93
99 -92
98 -92
96 -92
95 -93
97 -96
95 -96
93 -96
94 -100
94 -99
93 -100
90 -100
90 -99
89 -98
91 -97
92 -97
92 -94
89 -94
88 -96
86 -99
84 -98
80 -99
80 -100
76 -100
74 -100
72 -100
72 -99
71 -99
74 -99
75 -99
79 -98
78 -95
75 -95
74 -96
72 -96
71 -96
70 -97
69 -97
69 -98
67 -99
65 -100
64 -100
61 -100
60 -100
58 -100
61 -98
63 -98
64 -98
66 -98
67 -96
66 -95
65 -95
65 -94
66 -93
67 -93
70 -94
70 -91
74 -91
77 -92
76 -93
75 -94
72 -93
71 -93
71 -92
69 -92
68 -90
69 -88
69 -87
71 -87
72 -88
72 -89
73 -89
75 -88
76 -90
78 -90
79 -89
79 -87
78 -86
75 -85
74 -85
73 -81
75 -78
76 -78
76 -79
76 -81
75 -82
76 -83
76 -84
78 -83
77 -81
77 -82
79 -80
79 -75
80 -72
80 -73
80 -76
83 -76
83 -75
83 -71
84 -71
85 -69
84 -66
81 -66
80 -66
79 -66
78 -68
82 -68
82 -69
81 -70
82 -71
77 -71
77 -74
76 -75
75 -77
75 -74
73 -73
73 -72
72 -72
71 -76
71 -78
70 -78
69 -80
69 -81
67 -84
65 -85
67 -85
66 -87
64 -86
62 -89
63 -89
64 -91
62 -91
62 -92
61 -94
60 -94
60 -95
61 -97
59 -97
58 -98
57 -95
56 -95
55 -97
55 -98
57 -98
56 -100
53 -100
52 -100
52 -95
50 -95
50 -97
51 -98
48 -97
47 -97
47 -98
46 -100
47 -100
44 -99
45 -98
46 -98
46 -97
46 -96
47 -95
47 -94
47 -93
51 -92
50 -91
52 -89
53 -89
51 -88
49 -87
46 -87
46 -86
46 -84
47 -84
47 -82
48 -81
49 -83
52 -84
53 -84
54 -82
58 -82
58 -83
59 -82
58 -81
58 -80
60 -80
63 -80
62 -82
60 -83
59 -83
57 -85
56 -86
56 -87
58 -89
57 -90
57 -91
56 -91
55 -92
54 -93
58 -94
59 -94
61 -89
59 -88
61 -88
61 -87
61 -86
61 -84
62 -84
63 -83
68 -78
69 -75
69 -76
67 -76
66 -76
66 -75
65 -74
60 -74
59 -72
58 -71
56 -72
56 -73
55 -74
54 -72
53 -73
52 -73
51 -77
51 -75
49 -76
48 -75
47 -76
47 -77
49 -79
50 -80
50 -79
53 -79
56 -79
56 -77
60 -75
60 -77
61 -77
63 -77
63 -76
63 -74
63 -72
64 -71
67 -71
69 -71
71 -71
72 -70
73 -68
73 -66
76 -66
75 -66
75 -69
76 -70
77 -68
75 -68
74 -68
74 -67
74 -64
73 -65
72 -65
72 -61
70 -63
70 -64
69 -64
68 -66
68 -67
69 -67
69 -68
64 -69
64 -68
66 -68
66 -66
66 -65
65 -66
63 -66
62 -67
61 -69
61 -68
61 -66
60 -66
57 -66
57 -67
57 -65
56 -65
55 -65
54 -62
55 -62
55 -63
56 -63
60 -63
61 -62
62 -63
63 -64
61 -64
59 -63
59 -59
57 -61
56 -60
54 -58
55 -58
56 -55
57 -57
57 -58
61 -58
60 -58
60 -56
61 -56
61 -54
60 -54
63 -54
63 -55
65 -54
67 -54
67 -55
61 -55
59 -55
58 -55
59 -51
59 -50
59 -49
60 -48
58 -48
58 -47
61 -46
63 -45
63 -43
64 -43
63 -41
61 -42
61 -44
60 -44
60 -42
59 -40
59 -39
60 -37
61 -35
59 -36
56 -36
56 -40
54 -40
54 -39
54 -41
55 -41
56 -41
57 -42
57 -44
56 -44
56 -43
53 -43
53 -42
53 -44
50 -44
48 -44
45 -43
42 -42
44 -41
45 -36
49 -36
49 -37
50 -37
51 -36
50 -40
49 -39
48 -39
47 -38
46 -38
46 -33
47 -34
44 -34
44 -35
42 -35
41 -36
41 -35
41 -31
41 -32
40 -34
40 -33
35 -33
37 -31
36 -31
36 -29
35 -28
37 -28
40 -27
40 -25
39 -24
38 -26
37 -24
37 -26
35 -26
34 -26
34 -24
34 -23
35 -22
33 -22
33 -23
33 -24
32 -23
32 -25
31 -26
32 -27
32 -30
31 -31
30 -29
30 -32
32 -33
33 -34
32 -34
30 -37
34 -37
36 -37
37 -37
37 -41
35 -40
31 -41
32 -41
30 -43
30 -44
28 -45
28 -46
28 -48
30 -47
30 -49
31 -49
31 -50
33 -48
33 -50
32 -52
37 -52
37 -53
37 -54
37 -56
36 -55
35 -57
35 -55
33 -56
33 -59
35 -59
38 -59
40 -59
42 -61
43 -61
43 -63
39 -62
38 -62
38 -61
37 -61
36 -60
36 -59
37 -59
37 -58
38 -58
38 -57
39 -57
39 -56
40 -58
42 -56
42 -55
43 -54
43 -56
44 -56
43 -53
43 -51
44 -50
45 -51
44 -51
37 -50
37 -47
35 -47
35 -48
36 -44
35 -44
35 -42
35 -43
37 -43
38 -44
40 -44
41 -46
43 -46
43 -49
43 -45
45 -48
47 -50
48 -50
48 -48
50 -48
49 -50
49 -46
50 -46
51 -47
52 -47
53 -47
53 -49
53 -51
54 -50
54 -49
57 -48
57 -50
57 -52
57 -53
56 -54
54 -54
54 -53
53 -53
51 -53
50 -54
48 -53
47 -53
47 -58
49 -58
50 -57
51 -57
52 -58
52 -60
51 -61
51 -62
50 -62
53 -64
51 -64
48 -64
47 -65
48 -66
49 -67
47 -67
46 -67
45 -68
42 -67
40 -67
41 -65
39 -65
39 -64
34 -64
34 -61
31 -61
30 -61
30 -62
29 -61
29 -62
31 -62
32 -64
31 -66
30 -68
29 -68
30 -70
35 -69
39 -69
41 -69
41 -71
41 -72
41 -73
43 -70
46 -69
47 -69
48 -70
50 -70
51 -69
54 -69
52 -66
51 -67
50 -67
49 -68
49 -69
48 -71
48 -72
47 -73
46 -72
46 -74
44 -75
44 -76
45 -76
45 -78
45 -80
47 -80
47 -81
46 -81
46 -79
43 -78
43 -79
43 -80
43 -81
42 -82
40 -83
40 -79
39 -79
38 -79
36 -82
37 -82
38 -83
38 -84
35 -84
35 -85
35 -86
32 -86
32 -87
31 -85
31 -81
32 -81
32 -82
31 -82
30 -82
30 -85
29 -85
27 -85
28 -86
29 -87
28 -87
27 -87
26 -87
26 -88
24 -87
21 -87
23 -87
21 -89
20 -89
21 -90
22 -91
23 -91
24 -90
26 -91
26 -93
27 -92
27 -93
27 -95
27 -100
26 -100
29 -100
30 -99
34 -100
34 -98
35 -97
33 -98
32 -96
32 -95
33 -94
36 -94
36 -95
37 -95
37 -98
38 -97
38 -98
40 -99
41 -97
40 -96
43 -95
42 -94
41 -93
42 -91
41 -91
44 -92
45 -91
45 -90
46 -89
48 -89
49 -90
47 -90
45 -89
45 -88
44 -88
43 -88
43 -87
44 -87
41 -86
41 -87
41 -88
39 -87
38 -87
36 -88
34 -89
36 -90
40 -90
40 -91
39 -92
38 -93
36 -92
35 -93
32 -93
31 -93
32 -91
31 -91
31 -89
29 -90
30 -93
29 -94
28 -94
29 -95
31 -95
31 -96
30 -97
29 -97
28 -98
25 -97
24 -97
24 -96
24 -95
23 -95
21 -96
23 -97
23 -100
21 -99
20 -99
20 -98
18 -99
17 -99
15 -99
14 -100
16 -100
16 -99
16 -98
15 -98
13 -98
10 -100
10 -97
9 -97
9 -96
8 -96
7 -96
7 -98
6 -98
5 -99
5 -97
3 -94
2 -95
2 -97
0 -97
1 -96
-1 -99
-5 -99
-6 -99
-3 -98
-2 -99
-1 -95
-1 -93
-2 -93
-5 -95
-6 -93
-6 -92
-6 -91
-7 -92
-8 -93
-8 -91
-10 -92
-10 -94
-11 -94
-11 -93
-12 -96
-11 -98
-10 -98
-17 -97
-19 -96
-20 -97
-22 -96
-24 -96
-24 -98
-24 -99
-27 -99
-26 -100
-23 -99
-19 -98
-18 -98
-17 -99
-18 -100
-15 -100
-14 -100
-14 -98
-14 -97
-15 -96
-14 -95
-17 -95
-18 -94
-19 -92
-22 -92
-22 -93
-21 -93
-21 -91
-20 -90
-19 -89
-19 -88
-17 -87
-16 -88
-16 -90
-18 -90
-18 -91
-17 -92
-16 -93
-13 -92
-12 -92
-13 -91
-13 -90
-13 -88
-12 -88
-12 -89
-11 -90
-10 -89
-8 -88
-8 -89
-6 -89
-3 -90
-3 -89
-4 -87
-3 -86
-2 -86
-1 -83
1 -83
0 -83
0 -82
1 -82
1 -81
1 -80
1 -79
3 -80
3 -81
3 -84
2 -83
2 -81
2 -82
5 -83
5 -86
4 -86
5 -85
7 -86
8 -86
8 -87
8 -88
10 -87
10 -84
11 -84
12 -83
11 -81
10 -80
10 -78
10 -76
10 -77
12 -79
12 -80
12 -77
13 -77
13 -75
14 -76
12 -76
12 -75
14 -73
14 -72
14 -71
16 -71
19 -70
17 -68
18 -68
18 -66
19 -65
19 -67
20 -67
23 -66
22 -65
24 -64
21 -63
20 -62
20 -61
21 -60
23 -61
22 -60
22 -59
21 -59
21 -56
20 -55
19 -58
17 -58
15 -58
12 -58
13 -59
15 -59
17 -59
17 -60
16 -62
18 -62
17 -62
15 -62
13 -63
12 -65
12 -66
11 -67
9 -69
8 -68
7 -68
7 -67
5 -66
3 -65
5 -64
8 -63
9 -60
10 -59
7 -60
6 -58
6 -57
7 -56
8 -53
11 -52
12 -52
12 -50
10 -49
10 -48
7 -49
6 -47
4 -47
4 -52
3 -54
1 -54
3 -57
2 -58
2 -59
2 -60
3 -61
4 -62
4 -59
5 -57
8 -57
10 -57
10 -55
12 -56
12 -55
14 -55
17 -55
18 -52
18 -50
17 -50
17 -51
19 -51
20 -50
20 -51
21 -52
21 -53
20 -53
15 -53
13 -53
13 -51
13 -49
14 -49
14 -47
14 -46
12 -45
14 -43
11 -43
11 -42
10 -44
9 -43
8 -45
7 -44
7 -43
6 -44
5 -44
5 -42
7 -40
9 -39
11 -41
11 -40
12 -39
11 -37
11 -35
8 -34
8 -36
4 -36
3 -35
2 -34
2 -36
1 -36
1 -35
0 -35
-2 -35
-1 -34
-1 -37
-1 -38
0 -38
0 -39
-3 -38
-6 -39
-7 -40
-10 -40
-11 -43
-7 -43
-8 -41
-5 -41
-3 -41
-4 -43
-6 -44
-5 -45
-5 -46
-7 -46
-7 -47
-6 -47
-4 -49
-3 -50
-4 -51
-6 -50
-7 -51
-8 -52
-8 -53
-5 -53
-6 -53
-8 -54
-7 -55
-9 -54
-9 -53
-10 -54
-11 -54
-14 -55
-12 -55
-11 -58
-15 -58
-16 -59
-19 -59
-18 -58
-18 -57
-17 -57
-16 -53
-15 -54
-14 -54
-13 -54
-13 -53
-12 -53
-13 -52
-13 -51
-14 -51
-10 -50
-9 -47
-10 -47
-13 -48
-15 -50
-16 -49
-17 -50
-19 -50
-19 -51
-17 -51
-18 -52
-19 -53
-20 -54
-20 -55
-20 -56
-21 -56
-23 -56
-25 -58
-26 -58
-26 -59
-27 -59
-28 -57
-26 -56
-27 -55
-27 -52
-26 -54
-25 -54
-25 -53
-24 -53
-24 -52
-23 -51
-23 -52
-21 -49
-21 -47
-20 -43
-21 -42
-22 -42
-23 -43
-23 -45
-22 -45
-20 -45
-16 -45
-16 -44
-13 -44
-14 -41
-15 -41
-14 -42
-16 -42
-17 -42
-18 -41
-17 -40
-18 -39
-16 -39
-15 -39
-14 -39
-14 -40
-11 -40
-11 -41
-11 -44
-12 -45
-13 -46
-15 -46
-17 -46
-18 -47
-18 -48
-20 -48
-22 -48
-24 -49
-25 -48
-26 -47
-26 -48
-27 -49
-27 -51
-28 -52
-30 -52
-30 -55
-31 -55
-33 -55
-34 -55
-34 -53
-34 -52
-34 -51
-32 -50
-29 -50
-29 -49
-29 -46
-29 -45
-31 -45
-35 -45
-34 -47
-35 -48
-35 -51
-37 -51
-37 -52
-37 -56
-36 -55
-35 -56
-31 -56
-31 -57
-32 -57
-33 -58
-32 -61
-31 -61
-30 -61
-27 -61
-28 -61
-28 -63
-26 -62
-24 -62
-21 -63
-21 -65
-22 -67
-21 -69
-22 -70
-25 -70
-25 -69
-27 -67
-27 -66
-26 -65
-25 -64
-24 -63
-24 -61
-24 -60
-22 -60
-21 -60
-19 -60
-19 -62
-20 -62
-20 -61
-20 -66
-20 -68
-20 -69
-16 -69
-17 -69
-17 -71
-18 -68
-17 -68
-17 -65
-17 -64
-16 -62
-12 -64
-14 -65
-13 -61
-11 -60
-10 -60
-8 -62
-7 -62
-8 -65
-8 -64
-10 -63
-11 -66
-12 -67
-12 -68
-11 -68
-11 -70
-11 -71
-9 -68
-7 -70
-6 -71
-5 -70
-6 -69
-5 -69
-6 -68
-5 -68
-4 -68
-2 -68
-1 -70
-1 -71
-1 -72
-3 -72
-2 -71
-4 -73
-5 -73
-6 -73
-6 -74
-7 -74
-7 -76
-9 -76
-8 -76
-8 -79
-6 -79
-6 -77
-7 -77
-7 -79
-5 -81
-4 -81
-4 -79
-3 -79
-2 -79
-1 -79
0 -78
-3 -78
-3 -76
-3 -75
-3 -74
1 -76
2 -76
3 -77
5 -76
7 -77
8 -77
8 -78
8 -79
8 -81
9 -83
13 -83
13 -86
14 -85
15 -86
15 -88
17 -86
17 -84
15 -83
14 -82
14 -81
15 -81
16 -81
16 -82
17 -80
19 -80
19 -79
18 -79
17 -76
18 -75
20 -77
22 -78
28 -78
29 -79
32 -78
34 -78
34 -75
31 -75
32 -74
33 -74
35 -72
37 -71
38 -72
39 -74
36 -75
36 -77
35 -77
35 -78
35 -79
33 -79
32 -79
31 -80
28 -80
27 -81
27 -82
26 -83
26 -84
25 -85
22 -85
22 -84
22 -82
21 -81
20 -81
20 -82
20 -85
18 -85
18 -86
18 -87
18 -90
17 -92
17 -94
18 -94
17 -96
17 -97
16 -96
12 -96
11 -96
11 -93
11 -89
11 -91
13 -91
13 -94
10 -94
7 -93
8 -93
8 -90
8 -89
7 -89
6 -89
5 -90
4 -90
4 -91
-1 -91
-2 -91
-1 -90
-2 -89
1 -89
2 -88
3 -87
1 -85
0 -85
-2 -84
-3 -84
-4 -84
-5 -84
-7 -84
-6 -83
-6 -82
-8 -82
-8 -83
-11 -83
-11 -85
-13 -85
-13 -81
-12 -81
-14 -81
-17 -81
-16 -84
-15 -86
-19 -86
-21 -86
-21 -87
-21 -88
-23 -88
-23 -87
-23 -85
-21 -83
-19 -82
-18 -82
-19 -79
-19 -78
-19 -77
-18 -77
-17 -77
-17 -78
-16 -78
-14 -78
-15 -77
-15 -76
-15 -75
-15 -74
-14 -73
-11 -73
-12 -73
-12 -72
-17 -72
-17 -73
-18 -72
-20 -72
-21 -71
-23 -71
-23 -73
-20 -75
-20 -76
-21 -76
-21 -78
-23 -79
-23 -81
-25 -82
-25 -83
-25 -84
-26 -86
-25 -87
-25 -88
-26 -89
-24 -89
-23 -90
-23 -92
-23 -95
-25 -93
-26 -94
-27 -94
-27 -95
-29 -95
-29 -97
-31 -96
-31 -94
-32 -93
-33 -91
-31 -91
-28 -90
-31 -89
-33 -90
-34 -90
-34 -91
-36 -90
-36 -91
-36 -95
-37 -96
-39 -94
-37 -93
-35 -93
-35 -94
-34 -95
-33 -97
-33 -98
-32 -97
-30 -98
-30 -99
-32 -100
-36 -100
-38 -99
-41 -98
-44 -98
-45 -98
-48 -99
-46 -99
-43 -99
-43 -97
-44 -95
-45 -94
-45 -95
-46 -95
-47 -96
-46 -96
-46 -92
-46 -91
-47 -90
-47 -87
-46 -87
-50 -87
-51 -84
-53 -84
-53 -85
-52 -85
-52 -81
-52 -80
-51 -80
-50 -79
-48 -79
-48 -78
-48 -75
-50 -75
-50 -74
-48 -74
-49 -76
-46 -77
-43 -78
-42 -75
-42 -77
-42 -78
-39 -80
-39 -79
-39 -77
-40 -77
-40 -76
-40 -75
-38 -75
-38 -74
-46 -73
-46 -71
-45 -72
-41 -72
-41 -73
-42 -71
-43 -71
-44 -71
-44 -69
-45 -69
-45 -68
-43 -67
-42 -68
-38 -68
-39 -67
-39 -66
-34 -66
-36 -64
-38 -63
-40 -63
-39 -62
-38 -59
-38 -58
-37 -59
-36 -60
-35 -60
-34 -62
-33 -64
-30 -64
-29 -64
-28 -65
-29 -66
-29 -70
-28 -71
-28 -74
-27 -73
-29 -72
-31 -72
-31 -74
-34 -74
-34 -75
-29 -75
-29 -76
-32 -76
-32 -77
-32 -78
-32 -79
-33 -79
-35 -78
-35 -76
-36 -75
-37 -72
-36 -72
-36 -69
-32 -68
-32 -71
-33 -70
-31 -70
-29 -71
-27 -71
-26 -72
-26 -74
-26 -77
-25 -79
-28 -79
-29 -79
-31 -80
-27 -80
-28 -81
-29 -82
-31 -82
-32 -83
-30 -87
-32 -86
-34 -83
-33 -82
-33 -81
-35 -82
-37 -82
-37 -81
-38 -81
-39 -81
-38 -82
-40 -83
-39 -83
-37 -83
-35 -85
-36 -84
-38 -84
-38 -85
-38 -86
-37 -87
-35 -87
-35 -88
-35 -89
-36 -89
-36 -88
-38 -88
-38 -87
-38 -89
-40 -90
-40 -92
-43 -92
-44 -91
-41 -88
-42 -88
-43 -86
-44 -85
-44 -83
-45 -82
-46 -82
-47 -80
-47 -81
-48 -85
-45 -85
-45 -88
-48 -88
-49 -89
-49 -90
-51 -94
-49 -94
-49 -95
-49 -98
-49 -100
-50 -100
-51 -99
-53 -100
-51 -100
-51 -97
-52 -97
-53 -96
-52 -95
-55 -94
-55 -92
-54 -91
-54 -87
-56 -87
-56 -86
-57 -86
-57 -85
-56 -85
-60 -83
-62 -82
-62 -80
-61 -80
-57 -80
-57 -82
-57 -83
-54 -83
-55 -83
-55 -81
-55 -79
-54 -79
-53 -75
-53 -74
-53 -77
-54 -77
-56 -77
-59 -76
-60 -76
-60 -75
-59 -73
-62 -74
-62 -76
-61 -77
-58 -77
-58 -75
-57 -72
-58 -71
-56 -70
-56 -67
-55 -68
-55 -66
-54 -65
-54 -66
-53 -66
-53 -67
-53 -69
-51 -68
-50 -69
-50 -67
-48 -68
-48 -67
-47 -67
-47 -66
-45 -66
-46 -64
-47 -65
-50 -65
-52 -64
-52 -60
-51 -61
-50 -61
-49 -62
-49 -60
-49 -61
-48 -61
-47 -62
-47 -63
-45 -63
-44 -63
-42 -62
-42 -60
-43 -61
-44 -61
-45 -60
-46 -59
-47 -57
-47 -56
-51 -57
-52 -55
-52 -59
-52 -58
-53 -57
-55 -56
-56 -55
-55 -54
-57 -51
-60 -52
-59 -47
-58 -49
-54 -50
-56 -48
-56 -46
-59 -46
-61 -46
-60 -45
-58 -43
-57 -44
-54 -44
-55 -44
-55 -43
-56 -42
-61 -42
-62 -42
-63 -44
-63 -41
-62 -41
-59 -41
-58 -41
-57 -40
-57 -39
-57 -34
-57 -33
-58 -33
-60 -32
-59 -32
-58 -31
-57 -29
-55 -30
-55 -27
-55 -28
-55 -31
-55 -34
-54 -35
-54 -37
-52 -36
-50 -35
-50 -34
-51 -34
-49 -32
-50 -31
-52 -33
-53 -32
-53 -31
-52 -29
-49 -29
-48 -29
-49 -28
-49 -26
-51 -22
-50 -22
-48 -21
-48 -20
-48 -19
-50 -19
-49 -18
-49 -16
-48 -16
-51 -16
-51 -18
-52 -19
-52 -20
-53 -23
-53 -24
-55 -22
-56 -22
-56 -21
-59 -20
-59 -24
-57 -25
-54 -26
-52 -25
-50 -25
-48 -25
-48 -27
-48 -26
-47 -26
-48 -24
-46 -23
-44 -25
-44 -22
-43 -22
-43 -20
-44 -16
-45 -17
-46 -17
-47 -16
-47 -14
-45 -14
-46 -13
-47 -12
-47 -11
-46 -11
-45 -9
-44 -8
-43 -9
-43 -11
-42 -13
-38 -12
-36 -11
-34 -11
-35 -12
-35 -14
-35 -15
-37 -14
-39 -14
-40 -16
-40 -17
-41 -18
-37 -18
-39 -18
-38 -17
-38 -16
-36 -17
-35 -19
-33 -20
-35 -21
-35 -22
-34 -23
-34 -26
-36 -26
-36 -24
-38 -24
-42 -24
-39 -26
-38 -27
-41 -28
-41 -29
-42 -30
-44 -29
-46 -29
-46 -31
-47 -31
-48 -33
-46 -34
-45 -34
-45 -35
-46 -37
-46 -36
-47 -35
-49 -35
-49 -40
-48 -40
-48 -42
-49 -42
-47 -42
-47 -43
-47 -44
-49 -45
-46 -45
-46 -47
-45 -46
-44 -46
-43 -46
-41 -46
-43 -42
-43 -43
-44 -43
-45 -43
-45 -39
-41 -40
-42 -38
-44 -34
-43 -34
-41 -33
-40 -32
-36 -32
-36 -31
-34 -31
-33 -31
-33 -33
-31 -33
-30 -34
-29 -33
-28 -32
-27 -32
-26 -32
-23 -32
-24 -33
-28 -35
-30 -35
-34 -35
-34 -34
-33 -34
-35 -36
-35 -31
-35 -29
-33 -28
-32 -29
-32 -30
-34 -30
-31 -31
-30 -30
-29 -29
-28 -26
-27 -27
-25 -27
-26 -28
-27 -29
-28 -30
-27 -30
-26 -31
-26 -30
-24 -29
-23 -28
-21 -30
-21 -27
-20 -28
-19 -27
-19 -26
-16 -25
-15 -23
-14 -23
-12 -22
-11 -21
-12 -21
-12 -18
-13 -17
-12 -17
-10 -17
-11 -16
-11 -14
-12 -14
-13 -15
-15 -15
-19 -15
-20 -16
-22 -16
-23 -16
-23 -17
-23 -13
-24 -14
-24 -13
-19 -13
-17 -12
-18 -12
-19 -10
-20 -9
-20 -8
-22 -8
-24 -7
-24 -9
-25 -9
-26 -7
-26 -6
-25 -3
-27 -2
-26 -2
-26 0
-24 0
-24 -6
-22 -3
-22 -4
-23 -4
-22 -5
-20 -5
-19 -4
-19 -3
-18 -3
-17 -2
-18 -2
-20 -2
-18 -1
-18 0
-18 1
-20 1
-19 2
-19 3
-20 5
-19 6
-17 5
-18 7
-17 9
-16 10
-15 11
-14 11
-12 11
-12 13
-12 18
-13 18
-13 20
-10 20
-10 21
-9 19
-7 21
-7 23
-11 23
-11 22
-12 22
-12 23
-13 23
-14 23
-14 26
-13 26
-12 26
-12 28
-15 27
-17 25
-16 24
-17 22
-21 22
-24 22
-26 20
-23 20
-23 19
-24 19
-26 19
-28 19
-28 18
-28 20
-27 21
-27 26
-28 25
-32 24
-32 23
-32 21
-30 20
-30 19
-31 18
-33 18
-30 16
-32 16
-33 15
-34 15
-35 12
-35 11
-36 8
-36 7
-37 7
-38 6
-41 5
-40 8
-45 9
-47 9
-47 7
-46 6
-47 5
-49 5
-48 4
-50 4
-52 1
-53 3
-55 2
-57 4
-57 7
-57 6
-58 5
-58 2
-58 -2
-58 -5
-56 -3
-55 -1
-55 -2
-54 -2
-53 -3
-52 -3
-48 -1
-50 -1
-52 -5
-51 -6
-52 -7
-53 -8
-52 -11
-56 -11
-55 -11
-55 -9
-57 -8
-60 -8
-61 -8
-64 -8
-63 -7
-63 -9
-66 -9
-68 -9
-69 -11
-69 -10
-70 -10
-71 -10
-73 -9
-72 -7
-72 -8
-71 -8
-70 -7
-68 -7
-69 -6
-72 -6
-73 -3
-71 -3
-71 -5
-70 -5
-70 -3
-70 -1
-69 3
-71 3
-72 1
-73 4
-74 5
-76 5
-75 5
-75 6
-76 7
-77 2
-81 2
-80 2
-80 0
-75 -1
-76 -1
-76 -3
-76 -4
-77 -4
-77 -5
-77 -3
-77 -2
-78 -2
-79 -4
-79 -7
-78 -8
-79 -12
-75 -12
-72 -14
-72 -15
-71 -16
-70 -16
-69 -16
-69 -15
-67 -18
-67 -19
-66 -18
-66 -17
-63 -16
-58 -15
-58 -14
-59 -14
-60 -14
-60 -13
-60 -12
-58 -12
-58 -10
-59 -9
-62 -9
-62 -10
-63 -12
-62 -13
-61 -15
-63 -15
-64 -15
-64 -13
-65 -13
-65 -12
-66 -12
-67 -12
-67 -13
-66 -14
-68 -14
-74 -14
-76 -14
-78 -13
-80 -13
-82 -12
-81 -12
-81 -11
-80 -10
-81 -9
-83 -10
-83 -9
-84 -6
-84 -5
-84 -8
-84 -9
-85 -10
-87 -11
-89 -10
-89 -11
-93 -11
-93 -10
-94 -10
-94 -9
-94 -7
-93 -7
-93 -8
-91 -9
-88 -9
-88 -14
-88 -13
-86 -13
-84 -13
-83 -14
-84 -14
-85 -14
-85 -15
-84 -15
-83 -15
-81 -15
-77 -15
-78 -16
-79 -17
-81 -17
-81 -20
-78 -20
-76 -19
-75 -21
-74 -20
-73 -20
-73 -19
-72 -18
-70 -18
-71 -21
-73 -23
-73 -24
-72 -24
-71 -24
-70 -25
-68 -21
-68 -23
-66 -23
-65 -23
-65 -25
-66 -25
-66 -26
-66 -27
-65 -28
-64 -27
-64 -28
-64 -29
-64 -30
-62 -31
-62 -28
-61 -30
-60 -29
-60 -25
-61 -25
-63 -25
-63 -24
-62 -23
-64 -22
-63 -21
-64 -19
-62 -18
-61 -18
-59 -18
-57 -17
-54 -15
-55 -14
-52 -14
-51 -13
-49 -12
-50 -10
-49 -10
-49 -7
-47 -7
-47 -3
-45 -2
-44 -2
-43 -2
-41 -2
-42 -5
-43 -5
-43 -8
-41 -7
-40 -10
-40 -8
-39 -8
-39 -7
-37 -6
-36 -5
-36 -4
-35 -4
-34 -5
-35 -6
-35 -7
-36 -7
-36 -9
-36 -10
-33 -8
-32 -8
-30 -7
-30 -5
-28 -5
-28 -6
-27 -7
-28 -7
-29 -9
-30 -11
-30 -12
-32 -12
-32 -14
-31 -15
-30 -14
-29 -15
-28 -15
-27 -15
-27 -16
-25 -16
-29 -17
-30 -18
-29 -19
-31 -19
-31 -22
-30 -23
-28 -23
-29 -23
-29 -24
-26 -25
-27 -21
-25 -22
-24 -22
-24 -23
-23 -23
-21 -24
-22 -24
-21 -25
-19 -22
-17 -22
-17 -21
-16 -19
-16 -21
-14 -21
-13 -20
-12 -20
-10 -20
-10 -22
-9 -23
-9 -25
-11 -24
-12 -25
-12 -26
-9 -26
-7 -26
-7 -27
-6 -27
-3 -27
-1 -26
1 -24
2 -21
5 -18
8 -17
9 -18
9 -19
11 -19
10 -18
10 -17
11 -16
13 -15
13 -14
12 -16
12 -20
12 -18
14 -18
15 -18
15 -19
16 -21
17 -21
17 -22
17 -25
17 -26
17 -29
19 -30
21 -31
22 -31
23 -32
26 -33
27 -33
28 -32
27 -32
26 -30
26 -31
25 -35
24 -35
22 -35
22 -37
20 -37
19 -37
19 -40
18 -40
17 -40
15 -40
16 -42
18 -42
19 -41
17 -42
17 -44
18 -44
19 -45
16 -45
16 -44
16 -48
17 -48
18 -47
20 -47
22 -46
20 -46
19 -49
21 -49
22 -50
22 -51
23 -50
22 -49
24 -49
24 -47
23 -45
23 -43
22 -43
22 -41
22 -42
21 -42
21 -40
23 -39
25 -39
26 -40
25 -38
24 -37
27 -36
28 -35
28 -36
28 -37
28 -38
28 -39
28 -41
28 -42
26 -41
25 -41
25 -42
25 -44
26 -44
26 -45
25 -46
25 -48
25 -49
24 -51
25 -54
26 -51
28 -51
29 -51
30 -51
29 -54
28 -55
28 -56
30 -56
31 -57
31 -60
32 -60
30 -59
29 -59
28 -59
27 -58
25 -58
26 -61
25 -62
27 -62
27 -64
28 -64
27 -67
27 -69
25 -72
25 -73
26 -76
27 -75
29 -73
30 -71
26 -71
26 -70
25 -70
25 -69
24 -69
24 -68
24 -70
22 -74
22 -71
20 -70
20 -69
19 -69
16 -69
14 -70
15 -70
15 -72
16 -73
13 -73
11 -73
11 -72
6 -71
3 -70
4 -70
4 -72
6 -72
5 -73
4 -74
2 -73
2 -72
1 -69
1 -65
0 -67
-2 -67
-4 -67
-4 -64
-5 -64
-5 -62
-5 -61
-5 -60
-5 -59
-6 -60
-7 -58
-6 -56
-6 -55
-5 -55
-4 -57
-2 -57
-2 -59
-2 -60
-2 -61
0 -64
0 -59
1 -59
1 -57
0 -56
-1 -56
-1 -55
-1 -53
0 -53
-1 -52
0 -50
0 -49
-1 -48
-2 -48
-2 -45
-1 -45
1 -45
2 -44
2 -43
3 -42
4 -41
5 -39
6 -39
6 -38
7 -34
7 -31
7 -30
5 -30
5 -29
6 -29
8 -29
12 -27
13 -26
13 -24
13 -31
14 -31
15 -31
15 -33
18 -34
19 -32
20 -27
20 -26
19 -25
16 -24
14 -20
13 -20
12 -21
12 -23
10 -23
9 -24
7 -25
6 -25
8 -25
9 -26
10 -25
10 -29
10 -31
11 -31
11 -30
12 -33
13 -34
16 -34
16 -35
18 -35
18 -36
19 -36
21 -34
22 -34
22 -33
23 -30
23 -29
24 -29
24 -27
27 -27
28 -27
28 -26
29 -26
29 -28
30 -26
29 -24
28 -24
28 -23
26 -21
27 -22
26 -24
25 -25
25 -23
23 -23
22 -23
22 -22
21 -23
19 -22
20 -21
20 -20
23 -20
23 -19
22 -19
22 -18
21 -16
23 -15
22 -14
18 -15
18 -14
16 -14
17 -13
17 -12
18 -12
13 -11
14 -10
12 -10
11 -11
11 -13
10 -12
9 -12
10 -11
8 -11
7 -10
5 -11
5 -13
3 -13
3 -12
0 -9
1 -9
2 -10
3 -9
3 -8
4 -8
6 -7
6 -5
7 -5
9 -7
9 -4
10 -4
11 -6
12 -7
13 -8
12 -6
12 -5
12 -4
13 -4
13 -2
14 -2
14 -1
11 -2
11 -1
12 0
10 3
7 4
6 4
3 4
3 3
4 3
4 0
6 1
8 2
9 2
10 -2
10 -1
9 -1
8 0
5 -2
4 -2
3 -3
4 -4
2 -4
1 -3
0 -4
-2 -4
-4 -8
-3 -8
-3 -10
-3 -9
-3 -11
-4 -11
-3 -13
-4 -13
-5 -14
-8 -14
-9 -15
-10 -14
-10 -12
-9 -11
-10 -11
-12 -10
-10 -9
-14 -10
-13 -10
-13 -11
-13 -8
-15 -6
-15 -1
-15 -2
-10 -2
-9 -1
-9 2
-7 2
-8 3
-8 5
-7 8
-8 7
-5 7
-3 7
-2 5
-2 4
-3 4
-10 4
-11 5
-14 6
-15 6
-15 7
-16 7
-12 7
-11 8
-14 7
-14 4
-13 2
-13 1
-11 1
-11 0
-10 0
-6 -2
-4 -3
-6 -3
-6 -5
-8 -6
-11 -6
-12 -6
-8 -7
-6 -7
-7 -8
-6 -9
-5 -10
-7 -12
-7 -13
-6 -15
-7 -15
-5 -16
-6 -16
-6 -17
-6 -18
-4 -18
-4 -19
-4 -20
-2 -20
-3 -21
-2 -22
-3 -23
-5 -23
-5 -25
-5 -24
-5 -22
-7 -23
-7 -21
-7 -19
-8 -19
-7 -18
-3 -18
-3 -17
-2 -14
-2 -12
0 -13
0 -14
0 -15
-1 -16
0 -17
0 -18
0 -19
1 -17
2 -17
2 -15
3 -15
4 -14
6 -12
7 -12
7 -13
7 -15
6 -15
6 -20
8 -20
7 -21
8 -22
6 -22
4 -22
4 -21
3 -21
2 -23
2 -25
2 -26
5 -26
4 -26
3 -27
0 -29
0 -30
1 -31
0 -31
0 -33
-1 -32
-1 -30
-2 -30
-4 -30
-4 -35
-5 -36
-5 -37
-7 -37
-12 -37
-11 -37
-11 -35
-8 -36
-6 -36
-5 -35
-6 -34
-6 -33
-8 -32
-11 -33
-11 -32
-12 -32
-11 -31
-10 -30
-10 -29
-10 -27
-12 -28
-15 -29
-15 -30
-17 -33
-15 -35
-18 -35
-22 -35
-22 -36
-23 -34
-22 -34
-19 -34
-19 -35
-19 -38
-21 -39
-23 -38
-25 -38
-26 -38
-26 -39
-27 -39
-27 -41
-25 -41
-25 -44
-26 -44
-26 -43
-27 -42
-28 -40
-29 -40
-30 -39
-30 -40
-30 -43
-32 -43
-32 -40
-33 -39
-34 -36
-37 -36
-40 -36
-38 -35
-39 -35
-39 -37
-38 -38
-39 -41
-38 -41
-36 -43
-37 -43
-37 -45
-36 -46
-38 -47
-41 -47
-40 -46
-40 -47
-40 -49
-41 -49
-41 -53
-40 -54
-40 -57
-41 -57
-42 -56
-42 -54
-43 -55
-44 -55
-45 -55
-45 -54
-44 -53
-44 -50
-46 -50
-47 -50
-49 -49
-49 -52
-50 -52
-50 -53
-50 -54
-54 -54
-53 -52
-52 -51
-52 -50
-52 -49
-52 -48
-53 -49
-53 -45
-50 -45
-50 -44
-51 -43
-52 -42
-53 -41
-52 -40
-51 -39
-52 -39
-52 -38
-53 -38
-58 -38
-59 -38
-60 -38
-62 -37
-60 -37
-59 -35
-61 -35
-64 -34
-64 -33
-65 -33
-66 -35
-67 -33
-66 -30
-67 -30
-67 -29
-69 -32
-69 -31
-70 -31
-71 -31
-71 -28
-73 -30
-75 -30
-74 -31
-71 -33
-70 -35
-69 -36
-68 -37
-67 -38
-63 -38
-65 -39
-67 -40
-69 -40
-67 -41
-65 -41
-65 -42
-66 -43
-67 -43
-69 -43
-70 -42
-70 -47
-68 -47
-68 -48
-67 -47
-65 -47
-64 -46
-64 -50
-62 -51
-63 -53
-65 -53
-65 -51
-65 -50
-67 -49
-68 -49
-70 -49
-71 -47
-71 -48
-72 -48
-71 -50
-70 -51
-69 -51
-70 -52
-72 -51
-73 -52
-76 -53
-75 -53
-74 -53
-75 -54
-74 -55
-72 -56
-70 -56
-69 -59
-70 -59
-70 -62
-69 -60
-68 -60
-67 -58
-66 -58
-66 -56
-67 -55
-70 -54
-70 -53
-71 -55
-71 -58
-72 -59
-72 -60
-75 -60
-74 -58
-74 -59
-74 -62
-74 -63
-73 -63
-72 -63
-70 -63
-69 -64
-64 -64
-63 -66
-63 -69
-61 -69
-61 -70
-63 -72
-65 -72
-65 -76
-65 -78
-65 -80
-64 -82
-64 -84
-63 -86
-62 -86
-62 -87
-60 -87
-58 -87
-59 -87
-59 -88
-59 -92
-57 -90
-56 -91
-57 -94
-56 -97
-57 -98
-58 -97
-60 -99
-62 -99
-62 -97
-63 -96
-63 -95
-64 -95
-64 -92
-64 -91
-63 -91
-65 -90
-66 -91
-67 -91
-67 -93
-66 -94
-65 -94
-65 -96
-65 -97
-64 -98
-67 -98
-68 -98
-71 -99
-70 -99
-69 -95
-69 -93
-72 -93
-75 -93
-76 -93
-76 -95
-77 -96
-76 -97
-75 -98
-73 -98
-73 -97
-73 -96
-74 -95
-72 -97
-74 -97
-74 -100
-75 -99
-77 -99
-78 -97
-78 -95
-77 -94
-79 -94
-81 -94
-80 -96
-80 -99
-81 -100
-83 -100
-86 -100
-85 -100
-85 -98
-89 -98
-90 -98
-90 -100
-91 -99
-92 -99
-94 -97
-93 -96
-94 -95
-95 -94
-96 -95
-96 -97
-96 -100
-95 -98
-97 -98
-97 -99
-98 -100
-100 -100
-100 -97
-98 -97
-99 -96
-99 -93
-99 -92
-97 -91
-99 -91
-98 -89
-96 -89
-92 -90
-93 -91
-91 -91
-90 -90
-90 -87
-89 -86
-89 -83
-89 -82
-89 -81
-90 -82
-91 -81
-91 -82
-91 -84
-92 -84
-93 -85
-94 -84
-96 -85
-97 -86
-99 -85
-98 -84
-100 -84
-100 -82
-99 -82
-98 -79
-100 -78
-99 -78
-99 -77
-97 -77
-96 -77
-96 -78
-96 -81
-95 -80
-95 -79
-93 -79
-94 -79
-94 -77
-92 -78
-89 -77
-87 -77
-85 -77
-85 -75
-85 -76
-86 -76
-84 -78
-85 -82
-86 -82
-87 -83
-86 -81
-84 -81
-83 -82
-82 -84
-84 -84
-84 -83
-85 -84
-85 -85
-85 -87
-86 -86
-86 -90
-85 -90
-85 -91
-83 -93
-83 -95
-83 -97
-82 -96
-84 -96
-86 -96
-87 -96
-87 -94
-88 -94
-91 -93
-89 -94
-89 -95
-86 -95
-86 -93
-87 -91
-87 -90
-88 -90
-88 -89
-87 -88
-86 -88
-83 -88
-82 -90
-82 -87
-81 -86
-81 -87
-77 -87
-78 -90
-78 -86
-78 -85
-79 -85
-79 -84
-78 -84
-73 -84
-73 -85
-71 -85
-71 -87
-70 -87
-70 -86
-70 -85
-68 -83
-68 -81
-67 -81
-66 -81
-66 -84
-67 -86
-67 -85
-66 -89
-67 -89
-67 -88
-68 -88
-69 -89
-70 -88
-73 -88
-74 -88
-76 -89
-75 -86
-75 -82
-75 -81
-74 -82
-73 -80
-75 -79
-76 -79
-77 -80
-79 -79
-80 -79
-80 -78
-75 -77
-74 -77
-74 -78
-71 -78
-70 -78
-68 -79
-68 -78
-69 -75
-71 -74
-71 -75
-70 -77
-72 -77
-74 -75
-74 -74
-73 -74
-76 -73
-76 -72
-75 -73
-75 -72
-78 -71
-78 -70
-81 -69
-82 -69
-86 -68
-85 -68
-83 -66
-85 -66
-85 -64
-87 -66
-89 -66
-88 -66
-88 -64
-88 -63
-89 -63
-90 -64
-90 -65
-93 -65
-93 -64
-93 -66
-91 -68
-93 -68
-96 -68
-96 -66
-95 -61
-97 -61
-98 -60
-99 -60
-100 -62
-99 -62
-98 -63
-98 -65
-98 -67
-97 -67
-97 -69
-95 -70
-94 -69
-94 -70
-94 -71
-96 -72
-97 -72
-98 -71
-99 -70
-100 -71
-100 -72
-100 -74
-99 -75
-95 -74
-94 -75
-94 -76
-93 -76
-91 -75
-91 -74
-91 -73
-92 -73
-92 -72
-92 -71
-93 -71
-90 -71
-89 -72
-89 -70
-88 -68
-88 -69
-88 -72
-86 -71
-86 -74
-86 -72
-83 -72
-81 -75
-81 -74
-80 -75
-79 -74
-80 -73
-80 -69
-80 -68
-79 -66
-77 -67
-74 -67
-75 -65
-75 -64
-73 -64
-72 -66
-72 -67
-68 -66
-67 -64
-65 -62
-63 -62
-62 -62
-62 -59
-62 -58
-60 -56
-59 -56
-58 -56
-57 -57
-59 -58
-55 -59
-55 -60
-54 -62
-54 -63
-55 -64
-56 -63
-56 -64
-57 -64
-59 -64
-59 -60
-62 -65
-66 -67
-67 -68
-67 -70
-67 -72
-68 -73
-69 -72
-69 -69
-71 -70
-73 -72
-73 -71
-74 -71
-75 -71
-74 -70
-76 -70
-75 -69
-77 -69
-78 -69
-78 -64
-78 -62
-77 -62
-76 -59
-77 -59
-77 -56
-79 -55
-78 -56
-78 -57
-78 -58
-79 -60
-80 -61
-82 -61
-82 -63
-81 -63
-83 -62
-86 -60
-87 -61
-87 -59
-89 -59
-89 -61
-91 -62
-92 -60
-91 -60
-91 -58
-94 -57
-95 -58
-96 -58
-99 -58
-98 -57
-99 -56
-100 -57
-100 -56
-100 -55
-99 -55
-98 -55
-99 -54
-95 -54
-95 -53
-96 -53
-100 -53
-100 -51
-98 -52
-97 -52
-96 -51
-95 -51
-94 -51
-93 -51
-92 -52
-91 -53
-89 -53
-88 -54
-91 -54
-91 -55
-92 -55
-91 -56
-90 -56
-90 -57
-89 -57
-88 -57
-88 -55
-88 -56
-86 -56
-86 -55
-85 -54
-82 -56
-82 -52
-80 -51
-80 -50
-81 -50
-82 -49
-82 -48
-83 -49
-84 -48
-84 -50
-86 -52
-87 -50
-88 -50
-89 -50
-90 -51
-90 -48
-89 -47
-90 -47
-90 -46
-88 -45
-88 -46
-85 -46
-85 -45
-84 -45
-84 -43
-84 -41
-87 -41
-87 -42
-87 -43
-83 -42
-81 -42
-81 -46
-82 -44
-82 -40
-83 -38
-83 -37
-81 -38
-81 -37
-82 -36
-80 -35
-80 -36
-78 -39
-77 -41
-79 -42
-78 -44
-78 -45
-77 -45
-77 -48
-77 -49
-79 -49
-77 -50
-76 -50
-76 -49
-75 -49
-74 -45
-73 -43
-76 -44
-76 -40
-74 -38
-71 -38
-70 -38
-73 -38
-73 -37
-73 -35
-74 -36
-76 -37
-77 -36
-77 -35
-79 -35
-79 -34
-82 -33
-80 -33
-78 -32
-79 -31
-79 -29
-81 -30
-81 -29
-82 -29
-82 -28
-82 -27
-78 -26
-78 -24
-79 -24
-82 -25
-83 -25
-84 -24
-87 -28
-86 -29
-86 -30
-85 -30
-85 -28
-86 -28
-86 -27
-86 -26
-86 -24
-87 -24
-88 -24
-88 -25
-89 -25
-90 -26
-91 -25
-92 -24
-92 -23
-93 -23
-93 -26
-93 -27
-90 -27
-90 -28
-90 -29
-91 -30
-92 -30
-90 -30
-89 -31
-85 -32
-86 -33
-84 -36
-85 -37
-88 -37
-87 -38
-90 -38
-94 -37
-97 -35
-96 -35
-95 -35
-94 -35
-92 -34
-93 -33
-96 -33
-96 -32
-98 -32
-98 -38
-100 -38
-99 -40
-95 -41
-95 -43
-98 -44
-99 -44
-100 -44
-100 -41
-100 -48
-95 -48
-97 -49
-96 -49
-93 -49
-92 -47
-91 -45
-91 -46
-93 -45
-93 -43
-92 -42
-93 -41
-94 -39
-96 -39
-96 -38
-98 -36
-99 -34
-99 -33
-99 -32
-100 -31
-97 -29
-99 -29
-100 -30
-100 -27
-99 -27
-98 -27
-96 -27
-96 -26
-97 -25
-97 -22
-98 -21
-99 -21
-100 -21
-100 -19
-99 -19
-97 -17
-95 -17
-95 -18
-94 -19
-93 -19
-93 -21
-94 -22
-94 -21
-90 -21
-90 -20
-89 -21
-89 -19
-87 -21
-88 -23
-86 -23
-87 -22
-87 -19
-86 -19
-85 -20
-85 -19
-84 -19
-85 -18
-83 -18
-84 -17
-85 -17
-87 -17
-89 -17
-91 -17
-91 -14
-90 -14
-89 -15
-92 -15
-93 -14
-94 -12
-94 -14
-96 -15
-97 -15
-97 -12
-97 -9
-98 -10
-99 -11
-97 -11
-97 -14
-98 -14
-99 -15
-100 -15
-100 -13
-100 -12
-100 -9
-99 -7
-99 -5
-99 -4
-100 -4
-97 -4
-97 -6
-94 -6
-91 -6
-92 -6
-92 -5
-94 -5
-93 -2
-93 -1
-95 -1
-95 2
-94 2
-91 2
-90 2
-90 1
-89 0
-90 0
-90 -2
-91 -1
-92 -1
-92 1
-93 1
-93 4
-93 7
-93 8
-96 8
-95 7
-98 6
-98 7
-99 7
-100 7
-100 9
-97 11
-96 12
-94 12
-94 11
-95 11
-95 10
-92 10
-92 9
-92 8
-90 8
-91 5
-91 6
-88 6
-87 6
-85 9
-85 11
-87 10
-89 11
-89 12
-87 12
-85 13
-85 12
-85 14
-88 14
-87 14
-86 14
-86 16
-88 16
-90 17
-88 20
-84 20
-84 19
-86 19
-86 20
-86 21
-85 22
-86 24
-87 24
-90 24
-93 25
-97 26
-97 24
-96 24
-96 23
-98 21
-97 20
-98 18
-95 19
-95 21
-94 22
-93 22
-93 21
-93 20
-92 18
-93 18
-94 18
-94 16
-94 17
-96 17
-96 15
-100 15
-100 14
-99 12
-98 10
-97 8
-97 4
-96 2
-98 3
-99 3
-100 1
-99 1
-98 1
-98 -1
-97 -1
-99 -1
-99 -2
-97 -2
-97 -3
-90 -3
-87 -3
-84 -3
-82 0
-83 3
-84 2
-85 1
-85 4
-85 5
-81 6
-81 5
-80 4
-79 4
-79 7
-79 8
-80 8
-81 8
-81 9
-80 10
-81 12
-82 12
-81 11
-80 11
-78 6
-78 10
-79 12
-78 14
-78 13
-78 12
-77 11
-75 10
-74 9
-73 10
-73 12
-70 12
-70 11
-71 9
-70 8
-67 10
-67 6
-68 7
-68 4
-67 4
-67 2
-67 1
-67 0
-66 0
-66 -1
-65 -4
-65 -5
-64 -6
-63 -4
-63 -1
-63 0
-62 0
-60 0
-61 1
-62 1
-63 1
-63 2
-65 3
-64 4
-64 5
-65 7
-64 6
-63 6
-62 6
-60 7
-60 8
-59 8
-61 10
-60 12
-63 13
-58 15
-57 12
-55 13
-54 15
-53 15
-54 16
-53 16
-53 17
-53 20
-56 20
-57 21
-57 20
-58 20
-61 21
-61 22
-60 24
-58 25
-57 22
-55 24
-56 26
-52 26
-52 24
-53 25
-53 27
-54 27
-54 29
-53 29
-56 29
-57 31
-55 30
-54 30
-54 31
-54 32
-54 33
-55 33
-57 33
-58 32
-58 33
-58 34
-59 34
-61 33
-60 36
-62 35
-64 36
-64 37
-64 39
-63 39
-63 41
-61 42
-61 41
-60 40
-60 39
-62 39
-62 42
-62 45
-62 44
-64 44
-64 43
-63 43
-63 42
-66 42
-69 44
-70 42
-71 40
-69 38
-68 39
-67 39
-66 38
-65 38
-66 37
-66 35
-65 33
-65 32
-62 31
-64 31
-65 31
-65 29
-66 30
-67 32
-67 33
-67 36
-70 36
-70 34
-69 34
-72 34
-74 36
-77 36
-76 33
-76 31
-76 30
-75 29
-75 28
-75 26
-71 25
-71 31
-72 29
-70 27
-69 28
-66 28
-63 28
-63 29
-61 29
-62 27
-62 25
-61 24
-63 25
-65 21
-65 23
-66 23
-68 24
-67 23
-67 22
-67 21
-69 20
-69 19
-70 19
-71 20
-72 20
-70 21
-70 23
-73 23
-75 22
-76 23
-78 23
-77 22
-78 19
-78 16
-78 15
-78 18
-79 18
-79 17
-82 17
-83 19
-83 18
-84 15
-83 15
-81 16
-81 14
-80 15
-75 15
-75 17
-76 17
-76 20
-74 19
-73 18
-74 17
-74 15
-72 15
-66 14
-66 13
-67 13
-67 14
-68 14
-68 17
-66 17
-67 17
-67 19
-64 19
-61 16
-60 18
-58 18
-56 18
-56 19
-54 19
-52 18
-52 14
-54 14
-53 13
-53 12
-54 12
-54 10
-54 6
-52 5
-53 7
-53 8
-52 8
-51 8
-50 7
-49 8
-50 9
-51 9
-50 10
-51 11
-52 11
-50 13
-48 13
-46 11
-44 10
-44 8
-44 4
-44 3
-42 2
-44 1
-42 0
-41 0
-41 3
-39 3
-38 2
-38 3
-36 -2
-35 -1
-35 3
-34 4
-33 4
-33 7
-34 8
-32 8
-32 7
-30 6
-30 2
-29 2
-29 4
-28 4
-30 8
-29 9
-25 9
-25 12
-26 13
-28 13
-29 15
-30 14
-32 13
-33 12
-32 12
-31 11
-30 12
-30 10
-29 11
-27 11
-25 10
-21 10
-22 10
-22 11
-22 12
-22 14
-25 14
-25 17
-22 17
-21 16
-20 16
-20 14
-18 14
-17 19
-17 17
-16 16
-14 14
-15 15
-15 16
-12 16
-11 17
-11 18
-9 17
-8 15
-10 15
-9 13
-8 12
-6 10
-6 13
-6 15
-7 15
-6 16
-5 16
-4 15
-2 15
-3 11
-2 9
-1 9
0 10
0 12
1 14
1 13
-1 13
-1 15
0 16
1 16
1 17
-1 18
-2 18
-3 18
-4 19
-3 19
-3 17
-4 17
-5 17
-6 17
-6 18
-5 20
-4 21
-4 25
-3 23
-2 22
-1 23
-1 25
-1 27
-1 28
0 27
0 29
-2 29
-1 31
-1 34
-2 34
-3 33
-4 33
-4 34
-7 34
-7 35
-7 36
-7 37
-9 38
-10 39
-8 39
-7 40
-5 41
-5 39
-5 35
-5 31
-4 31
-3 28
-3 29
-4 28
-4 26
-5 26
-8 25
-9 25
-9 24
-9 29
-9 35
-11 32
-11 31
-14 31
-14 30
-14 29
-16 30
-16 29
-16 28
-17 29
-17 30
-20 30
-20 29
-18 28
-19 27
-22 25
-24 29
-25 29
-25 30
-28 30
-28 29
-31 29
-30 28
-32 27
-33 26
-34 25
-34 23
-37 23
-38 24
-40 24
-38 23
-37 22
-37 17
-37 15
-36 16
-35 19
-36 21
-37 21
-39 21
-38 19
-39 18
-39 16
-42 16
-42 14
-43 14
-40 14
-39 12
-40 10
-40 9
-42 9
-42 10
-41 10
-42 12
-45 12
-44 17
-45 15
-47 14
-48 14
-49 16
-49 18
-47 18
-48 18
-48 19
-49 19
-50 19
-51 20
-51 21
-51 22
-48 22
-48 23
-46 23
-44 22
-43 23
-44 24
-42 24
-42 25
-41 26
-41 27
-39 27
-38 27
-38 29
-37 27
-37 25
-36 26
-35 28
-33 29
-32 30
-37 30
-38 30
-38 31
-39 31
-39 34
-36 34
-37 35
-35 35
-33 35
-33 33
-34 32
-28 32
-27 33
-27 34
-29 33
-29 35
-29 38
-28 37
-30 37
-30 36
-32 37
-35 39
-35 41
-36 41
-38 41
-40 41
-40 42
-42 43
-45 42
-46 45
-47 42
-47 41
-48 40
-51 38
-51 40
-50 41
-50 42
-51 42
-50 43
-48 43
-49 45
-49 46
-50 45
-51 46
-51 45
-52 44
-52 45
-53 45
-53 48
-54 46
-54 44
-55 44
-55 45
-55 46
-57 46
-58 47
-57 47
-56 49
-57 50
-56 50
-55 53
-56 53
-57 54
-57 56
-58 56
-58 59
-61 61
-62 59
-61 59
-61 57
-61 56
-61 51
-62 50
-60 50
-59 52
-61 53
-63 54
-66 54
-67 53
-66 53
-65 52
-65 51
-68 51
-68 53
-67 55
-69 56
-68 56
-66 58
-66 60
-69 60
-70 59
-71 59
-72 59
-72 54
-71 55
-73 56
-73 57
-73 58
-74 61
-74 58
-75 58
-76 59
-78 59
-77 59
-77 57
-77 55
-76 56
-78 56
-78 54
-78 52
-79 52
-81 50
-79 50
-75 49
-75 46
-77 47
-78 48
-80 47
-81 45
-81 44
-82 43
-82 40
-85 40
-84 42
-83 41
-83 40
-84 38
-83 37
-83 36
-83 35
-82 34
-82 32
-80 32
-80 33
-78 34
-78 31
-78 29
-78 26
-81 26
-81 27
-80 27
-79 29
-79 31
-79 32
-81 31
-82 30
-83 29
-83 27
-83 25
-82 25
-83 23
-82 22
-79 22
-80 21
-81 23
-81 24
-84 25
-85 27
-85 26
-86 26
-87 28
-86 29
-87 29
-88 28
-89 27
-89 31
-91 31
-92 32
-93 31
-93 30
-92 30
-93 29
-93 33
-94 35
-96 35
-97 34
-95 34
-96 31
-95 30
-97 30
-99 30
-99 25
-100 23
-100 28
-100 31
-97 32
-98 32
-98 34
-96 34
-96 36
-95 38
-98 38
-99 40
-100 39
-100 40
-100 43
-99 45
-99 47
-97 46
-97 44
-97 48
-98 48
-100 49
-100 50
-99 52
-99 53
-96 53
-96 54
-96 56
-97 56
-98 57
-100 56
-99 57
-99 58
-99 60
-100 62
-99 66
-99 64
-98 63
-98 60
-98 59
-95 59
-95 57
-94 58
-94 59
-91 59
-89 60
-87 61
-87 59
-87 58
-85 58
-86 58
-87 57
-84 57
-84 56
-84 54
-82 53
-82 51
-82 50
-82 49
-83 49
-84 48
-85 48
-87 48
-88 48
-89 47
-86 46
-85 46
-85 45
-86 43
-87 43
-87 42
-87 41
-87 45
-87 44
-90 43
-92 44
-93 44
-93 45
-94 42
-95 42
-96 41
-96 40
-95 39
-92 40
-91 38
-91 36
-92 36
-92 35
-90 35
-90 36
-90 32
-88 32
-84 32
-84 33
-86 34
-86 35
-88 36
-87 38
-89 38
-88 39
-86 39
-81 39
-79 39
-78 42
-78 45
-79 45
-79 44
-80 44
-78 43
-77 43
-77 44
-76 42
-76 44
-73 47
-73 48
-72 49
-72 50
-72 51
-70 52
-70 49
-71 48
-71 44
-69 45
-68 45
-67 47
-66 47
-65 46
-64 47
-64 48
-61 48
-61 47
-59 44
-59 42
-58 43
-57 41
-55 41
-56 40
-57 40
-55 39
-56 38
-56 37
-54 38
-52 38
-52 36
-52 33
-51 34
-49 35
-50 36
-48 36
-46 34
-46 32
-46 31
-47 30
-49 31
-49 32
-51 32
-50 28
-50 26
-47 26
-48 28
-45 27
-45 28
-43 28
-43 29
-42 30
-42 32
-43 33
-44 33
-44 34
-44 35
-44 36
-42 34
-41 35
-41 34
-40 33
-40 32
-39 38
-39 39
-40 39
-38 39
-38 42
-38 43
-39 44
-40 45
-43 46
-44 46
-44 47
-43 47
-41 47
-42 49
-42 50
-43 50
-44 51
-45 48
-47 48
-46 49
-47 49
-47 50
-46 52
-47 52
-50 54
-52 53
-52 52
-51 51
-54 51
-54 54
-55 58
-54 58
-53 60
-54 61
-57 63
-60 63
-61 64
-58 64
-59 64
-59 65
-58 66
-55 65
-56 68
-57 68
-60 68
-61 66
-62 66
-62 65
-63 65
-64 65
-67 64
-67 63
-67 61
-66 61
-64 61
-64 62
-63 63
-68 63
-70 64
-72 66
-71 68
-70 69
-69 69
-68 71
-66 72
-67 77
-66 78
-68 78
-67 80
-66 80
-63 80
-62 80
-62 78
-62 77
-61 77
-61 76
-63 75
-65 76
-64 82
-67 82
-67 84
-66 84
-65 84
-64 83
-60 83
-59 84
-59 87
-60 87
-61 88
-62 84
-63 85
-64 85
-65 85
-66 85
-66 86
-67 87
-68 87
-69 86
-70 81
-72 82
-73 81
-74 84
-74 82
-74 79
-75 77
-76 77
-77 77
-75 78
-75 79
-76 79
-76 80
-79 79
-81 80
-81 79
-81 81
-81 82
-81 83
-83 82
-84 80
-83 78
-83 75
-82 75
-82 76
-87 76
-88 76
-90 76
-89 76
-89 78
-86 78
-86 80
-86 84
-88 83
-88 86
-85 86
-83 86
-81 84
-77 83
-78 83
-79 83
-79 85
-79 89
-78 89
-78 86
-75 87
-76 89
-74 89
-73 86
-74 86
-73 85
-72 85
-71 86
-71 87
-73 87
-72 88
-71 89
-72 90
-72 91
-73 91
-73 92
-71 90
-71 94
-69 95
-69 93
-68 92
-68 91
-67 93
-65 93
-66 92
-65 91
-65 90
-64 89
-63 89
-62 89
-62 90
-61 94
-63 94
-62 92
-63 91
-61 91
-59 91
-58 93
-58 94
-59 95
-56 93
-54 94
-54 95
-56 96
-54 96
-53 96
-53 97
-52 97
-52 96
-50 96
-50 95
-51 95
-48 95
-49 95
-49 93
-48 94
-46 94
-44 95
-43 95
-44 96
-45 96
-46 97
-47 97
-47 98
-48 99
-50 100
-51 99
-52 99
-52 100
-56 99
-57 99
-58 100
-60 99
-60 96
-60 97
-64 97
-64 95
-64 98
-64 100
-63 100
-67 100
-67 99
-67 97
-67 98
-68 98
-71 99
-72 100
-74 100
-73 99
-73 98
-73 96
-72 96
-72 95
-73 94
-75 94
-75 96
-77 98
-78 100
-78 98
-79 98
-79 97
-79 95
-81 94
-81 97
-80 100
-82 99
-82 98
-83 98
-84 98
-86 99
-90 100
-92 100
-92 99
-91 98
-93 100
-94 100
-96 97
-97 97
-100 98
-99 98
-99 100
-100 100
-100 96
-100 95
-100 91
-98 94
-96 94
-96 92
-95 92
-92 94
-90 94
-89 95
-92 95
-92 97
-90 96
-88 95
-86 95
-87 94
-86 93
-87 92
-85 93
-84 90
-83 91
-82 91
-79 92
-80 91
-80 90
-80 88
-81 88
-82 87
-82 89
-85 89
-85 87
-87 87
-87 88
-88 90
-89 90
-96 90
-97 89
-95 89
-95 88
-94 90
-92 91
-91 90
-91 89
-91 88
-91 87
-91 83
-91 82
-89 82
-90 81
-92 83
-92 86
-94 85
-96 87
-95 85
-98 84
-100 83
-99 81
-99 78
-96 82
-94 80
-93 78
-94 77
-94 74
-95 73
-98 74
-100 74
-99 73
-98 73
-97 72
-97 66
-96 65
-96 66
-96 68
-95 70
-92 71
-89 74
-90 74
-90 73
-91 72
-93 69
-94 69
-94 67
-94 63
-94 62
-92 62
-91 61
-90 61
-90 58
-90 57
-89 57
-88 54
-89 54
-90 53
-90 55
-93 56
-93 53
-94 51
-97 51
-95 50
-95 48
-94 48
-92 49
-91 50
-87 50
-85 51
-86 52
-87 53
-86 55
-82 55
-82 56
-82 58
-81 57
-80 55
-79 56
-79 57
-79 58
-79 62
-80 64
-80 65
-83 65
-82 65
-82 64
-85 63
-86 62
-88 62
-87 64
-89 65
-90 66
-90 69
-87 67
-86 66
-85 66
-85 70
-86 68
-82 68
-81 69
-83 71
-84 74
-81 74
-80 72
-78 72
-78 71
-76 71
-77 72
-73 73
-72 79
-70 76
-69 75
-69 74
-71 74
-71 71
-72 70
-73 69
-75 70
-75 69
-78 68
-78 65
-77 67
-75 66
-75 64
-76 64
-75 62
-73 62
-73 63
-71 63
-70 63
-70 61
-70 62
-69 62
-69 66
-70 67
-66 67
-65 68
-64 69
-63 69
-63 68
-62 71
-61 71
-60 71
-61 72
-60 73
-59 73
-58 73
-58 70
-55 70
-54 69
-53 69
-52 69
-52 72
-49 72
-51 70
-50 68
-48 68
-47 67
-47 66
-46 66
-45 66
-44 66
-45 65
-46 64
-47 64
-50 64
-49 63
-47 63
-43 63
-42 63
-40 62
-41 63
-41 65
-40 65
-37 63
-37 67
-38 67
-39 67
-40 67
-40 68
-41 69
-44 69
-43 70
-45 70
-44 70
-44 73
-42 75
-41 74
-40 73
-39 72
-42 72
-38 70
-39 69
-37 69
-36 66
-34 66
-31 68
-30 67
-30 65
-29 65
-26 66
-26 67
-27 67
-25 72
-24 74
-22 75
-21 74
-20 72
-19 73
-19 74
-19 75
-16 75
-15 75
-13 76
-11 76
-9 76
-9 75
-10 77
-8 79
-8 80
-9 79
-11 79
-12 78
-12 80
-12 79
-12 81
-14 80
-15 82
-15 81
-18 80
-19 80
-17 79
-17 78
-18 77
-23 78
-20 78
-20 79
-22 79
-21 81
-23 81
-21 83
-20 83
-19 83
-18 84
-19 86
-18 87
-19 91
-18 92
-15 92
-14 91
-14 89
-15 89
-16 88
-17 88
-15 86
-14 86
-14 82
-10 82
-10 83
-9 83
-8 84
-10 84
-10 85
-9 85
-6 85
-6 83
-2 83
-1 83
1 83
1 84
0 84
0 85
0 88
-2 87
-3 87
-8 87
-9 87
-11 88
-13 87
-13 89
-12 89
-12 90
-12 93
-13 94
-13 95
-14 95
-15 93
-16 93
-16 94
-16 95
-15 96
-17 96
-19 94
-21 95
-22 94
-23 94
-23 95
-23 92
-23 91
-21 91
-21 89
-22 87
-23 84
-24 84
-25 85
-29 85
-31 87
-32 85
-31 81
-29 80
-28 81
-28 82
-27 82
-27 80
-25 79
-25 76
-25 77
-29 77
-29 79
-30 79
-30 76
-30 75
-31 75
-31 73
-31 72
-30 72
-29 71
-28 71
-28 69
-30 69
-30 70
-32 69
-33 70
-33 73
-34 73
-35 74
-32 74
-32 75
-33 76
-34 78
-34 82
-39 83
-39 82
-38 82
-38 84
-39 85
-41 85
-42 85
-42 87
-42 89
-43 90
-44 92
-45 93
-45 91
-45 90
-47 90
-49 89
-50 89
-50 90
-51 90
-51 91
-52 91
-52 93
-52 94
-52 92
-51 92
-54 89
-55 89
-56 88
-55 87
-55 85
-53 85
-50 85
-50 87
-49 86
-47 86
-47 85
-46 85
-44 84
-43 84
-46 84
-50 83
-50 84
-49 84
-48 84
-47 83
-45 81
-46 81
-46 80
-47 80
-48 80
-50 80
-53 80
-54 80
-55 81
-54 82
-56 82
-56 79
-57 80
-60 80
-59 79
-59 78
-60 78
-59 76
-56 77
-56 74
-51 74
-50 74
-48 75
-47 74
-46 77
-46 76
-45 75
-45 78
-43 79
-43 81
-42 81
-40 81
-39 79
-40 78
-41 78
-40 76
-39 76
-37 76
-37 78
-37 77
-36 77
-35 77
-35 79
-36 81
-36 85
-36 87
-37 89
-37 90
-38 89
-39 89
-39 88
-38 88
-39 87
-40 86
-41 87
-40 88
-41 89
-40 91
-40 92
-38 93
-37 94
-38 94
-38 96
-39 96
-36 96
-36 97
-36 98
-39 98
-40 98
-40 97
-40 96
-42 96
-43 97
-41 99
-44 100
-46 100
-42 100
-40 100
-38 100
-37 100
-37 99
-35 100
-34 99
-31 99
-31 100
-33 100
-33 99
-33 96
-35 95
-34 94
-33 91
-33 89
-33 87
-32 88
-31 89
-29 89
-29 88
-28 86
-27 86
-24 86
-23 88
-25 89
-25 91
-28 91
-27 93
-28 94
-30 93
-30 92
-30 95
-30 96
-28 100
-27 98
-26 100
-25 100
-23 100
-20 100
-21 99
-21 98
-20 98
-19 98
-18 100
-18 99
-17 99
-15 99
-12 99
-10 98
-10 97
-9 97
-9 99
-8 99
-8 98
-7 99
-6 99
-6 98
-4 98
-3 98
-3 96
-2 95
-1 97
-1 98
1 100
1 99
3 99
4 96
4 92
3 93
2 92
1 93
-3 93
-5 93
-5 94
-5 97
-7 96
-9 93
-8 93
-8 92
-6 91
-4 92
-4 89
-5 89
-1 90
1 90
1 89
3 89
3 87
3 86
5 87
8 87
8 86
7 86
8 85
9 85
10 85
11 84
11 83
13 83
14 82
15 81
15 80
16 80
16 81
17 82
18 83
18 84
16 84
16 86
17 86
16 88
20 88
22 90
24 90
24 84
23 83
26 80
25 78
24 78
23 81
21 81
22 82
21 83
21 87
20 86
26 86
28 88
29 86
32 86
33 87
31 85
31 84
30 84
32 83
32 82
29 81
29 78
27 76
29 77
30 78
31 79
31 78
31 77
32 76
32 74
31 74
30 74
28 73
29 72
31 72
31 73
32 73
33 73
34 73
34 74
36 77
34 77
34 79
35 80
36 80
34 82
35 83
34 85
34 87
34 86
36 86
37 82
40 81
39 81
39 78
41 79
42 80
41 82
43 82
42 84
42 85
44 85
45 84
45 83
46 84
47 85
47 87
48 87
45 88
44 88
43 89
40 88
38 87
37 88
38 89
40 89
39 92
38 93
39 94
40 93
42 90
41 94
42 94
43 94
44 95
46 94
45 92
47 92
47 93
47 94
48 94
48 93
49 93
50 91
50 90
51 91
52 90
54 90
54 91
54 85
53 86
53 85
53 84
53 83
54 82
52 82
51 85
50 84
56 84
57 85
58 85
59 85
60 87
58 87
58 90
59 92
55 92
56 93
54 93
51 94
52 94
52 95
53 95
57 95
57 96
56 98
58 98
58 100
56 100
55 100
52 98
52 99
51 99
50 98
48 98
44 98
43 98
41 98
40 98
37 98
37 97
36 97
35 97
34 97
34 99
33 98
32 97
29 96
29 97
30 97
31 97
31 100
27 100
26 99
24 100
25 97
26 98
27 97
27 96
28 94
29 94
31 94
33 94
35 95
36 96
36 94
35 94
35 93
34 93
34 91
31 89
31 92
29 91
29 93
27 93
27 92
26 90
25 93
26 94
23 94
23 95
23 96
24 95
21 97
20 97
20 99
19 99
17 99
18 98
17 96
18 95
19 92
17 92
17 89
14 90
15 93
13 93
11 93
13 94
13 95
13 96
14 98
12 97
11 97
11 99
12 100
13 100
9 100
10 98
9 97
7 97
7 95
8 94
9 95
6 95
6 96
5 92
8 92
7 90
9 88
10 89
10 90
11 90
13 87
13 86
12 86
9 86
9 83
10 81
12 79
13 78
12 78
12 77
12 75
9 74
8 73
9 73
9 72
9 70
7 71
7 68
8 68
9 67
10 67
10 69
11 70
12 70
13 70
13 71
13 69
15 67
19 68
21 68
19 69
18 70
17 70
15 71
14 71
14 73
13 75
17 75
17 77
19 79
20 79
21 79
22 77
22 78
20 75
21 73
23 73
23 72
24 71
25 74
26 72
26 70
26 68
25 69
24 69
24 68
24 67
23 67
21 67
22 65
25 66
25 63
24 62
25 60
24 59
23 58
22 56
21 54
21 51
23 53
23 49
24 50
24 49
26 48
27 46
27 44
25 43
26 40
27 40
27 38
24 39
25 38
25 39
24 42
23 44
24 45
24 46
22 48
21 48
19 48
20 50
17 50
18 52
17 54
17 55
14 55
15 56
14 57
12 56
12 54
12 53
11 51
11 52
8 52
6 52
4 52
4 55
4 57
2 57
1 55
-1 53
-5 53
-7 53
-7 52
-8 52
-8 56
-11 59
-11 62
-12 62
-12 61
-9 61
-7 62
-6 62
-6 63
-5 63
-2 63
-2 61
-3 61
-4 60
-5 59
-4 58
-3 58
-1 58
0 57
0 59
1 59
0 60
0 62
1 61
2 60
5 60
5 59
7 58
7 57
6 55
6 54
7 54
8 55
9 55
10 56
10 59
8 59
8 57
8 60
7 60
7 61
2 61
3 61
3 63
3 66
2 65
2 64
1 64
-2 64
-2 66
-3 65
-6 65
-7 65
-7 64
-8 64
-8 63
-9 64
-10 65
-9 68
-11 69
-11 64
-12 64
-12 65
-13 64
-13 66
-15 66
-16 66
-17 66
-17 67
-19 67
-20 68
-20 65
-19 65
-18 64
-17 62
-17 61
-17 60
-17 59
-16 58
-14 58
-11 57
-10 57
-10 53
-10 52
-11 51
-11 50
-11 49
-9 49
-8 49
-9 47
-6 47
-5 45
-4 43
-2 44
-2 46
-1 46
1 46
1 45
2 45
0 42
-2 42
-1 40
0 39
-1 37
-2 36
1 36
1 35
2 35
1 34
1 33
1 32
4 32
5 32
5 29
6 29
6 28
8 28
8 26
7 23
9 22
11 20
12 19
15 20
17 20
16 20
15 17
19 17
23 17
22 16
21 16
20 14
21 12
21 11
21 10
21 9
19 10
19 9
16 9
16 8
14 12
14 11
13 11
11 11
11 12
11 13
11 14
10 15
10 13
14 13
15 13
18 11
19 12
19 13
18 15
19 16
17 16
14 16
14 17
12 17
11 18
10 18
5 19
3 18
3 16
4 16
5 15
6 15
7 17
6 19
6 18
5 18
4 19
2 19
2 21
4 23
5 24
3 24
4 26
2 25
2 28
2 30
3 30
3 33
3 34
5 35
7 36
7 37
6 37
6 38
6 39
7 39
8 39
10 42
11 41
11 46
13 46
16 47
17 48
14 49
11 47
11 48
8 47
7 49
8 50
10 50
9 46
9 44
7 44
7 42
7 40
3 41
3 40
4 38
4 40
4 42
4 45
7 45
7 48
6 48
3 48
3 47
2 47
1 47
0 47
0 48
-1 50
-3 49
-5 48
-4 50
-4 51
-3 51
-7 51
-7 49
-7 44
-9 42
-9 46
-12 46
-13 47
-13 48
-14 48
-15 49
-15 51
-16 53
-15 53
-15 52
-16 51
-16 52
-13 53
-12 54
-12 55
-13 55
-15 55
-17 55
-17 52
-17 53
-19 54
-18 52
-19 51
-19 50
-18 50
-18 49
-19 47
-18 46
-14 46
-14 44
-14 43
-13 40
-16 39
-18 38
-17 36
-15 36
-13 36
-14 35
-16 33
-19 33
-20 33
-20 35
-22 35
-22 34
-22 32
-23 37
-21 37
-21 39
-20 39
-20 40
-19 42
-18 43
-20 45
-21 45
-22 46
-22 50
-22 49
-24 45
-24 44
-24 40
-24 39
-24 37
-25 37
-26 37
-25 36
-27 36
-26 36
-26 39
-28 41
-29 40
-30 41
-30 43
-31 42
-32 44
-33 44
-33 46
-34 46
-34 45
-34 42
-36 44
-36 45
-36 46
-37 45
-37 49
-37 51
-40 51
-40 52
-40 49
-39 50
-38 48
-38 50
-36 50
-35 51
-35 53
-35 50
-35 48
-33 47
-29 47
-28 47
-27 46
-26 45
-26 47
-25 47
-25 46
-25 51
-25 52
-26 52
-27 52
-28 53
-27 54
-28 55
-29 56
-29 52
-28 52
-28 51
-27 50
-29 50
-31 51
-32 51
-32 52
-33 52
-33 53
-33 54
-34 55
-36 55
-38 54
-41 53
-41 55
-40 55
-42 56
-43 56
-44 54
-45 55
-45 56
-47 56
-47 59
-48 59
-49 59
-49 57
-51 56
-52 57
-51 58
-51 61
-48 61
-48 62
-46 61
-46 60
-44 60
-42 61
-41 60
-39 59
-40 57
-37 57
-36 59
-36 62
-35 62
-34 61
-33 60
-33 59
-32 57
-33 57
-31 56
-30 59
-31 60
-32 60
-32 63
-28 63
-29 62
-28 61
-28 62
-25 62
-26 59
-25 59
-24 56
-24 57
-25 57
-25 54
-25 53
-22 55
-20 55
-20 57
-19 59
-22 59
-21 59
-21 58
-22 58
-23 59
-23 60
-20 60
-19 61
-18 61
-21 61
-22 62
-23 63
-24 67
-23 67
-23 66
-22 66
-22 69
-19 70
-17 70
-17 71
-16 71
-14 74
-12 74
-11 72
-14 71
-15 72
-13 70
-11 70
-10 70
-10 71
-9 72
-7 72
-7 71
-7 70
-6 69
-7 67
-6 67
-5 68
-3 69
-1 70
-2 70
-2 71
0 72
1 71
1 70
2 71
2 70
3 71
2 72
2 73
1 74
0 75
-2 73
-2 74
-3 74
-5 74
-5 76
-6 77
-4 77
-4 78
-1 77
-1 79
0 81
0 80
2 80
4 79
2 81
2 82
2 84
3 83
6 83
6 80
8 81
7 79
6 77
5 78
5 76
5 77
4 77
4 75
3 75
4 74
4 71
5 71
4 70
3 70
3 69
4 67
4 64
5 65
7 65
12 65
10 63
13 63
15 61
14 61
14 62
12 62
12 61
12 58
15 60
16 59
17 60
18 58
19 57
19 59
21 59
21 60
20 61
21 63
20 64
22 61
23 61
23 60
26 60
26 55
26 54
27 56
26 56
29 56
29 55
29 52
28 52
27 51
31 49
30 49
30 48
30 46
36 45
36 48
39 48
40 47
41 48
42 48
42 47
42 46
43 46
45 47
46 47
46 48
47 47
47 49
45 51
44 51
43 51
42 49
41 49
39 50
35 50
34 50
34 51
36 51
36 52
35 53
35 56
36 55
37 55
38 55
38 58
39 56
39 52
43 52
43 53
43 55
45 55
44 56
43 56
40 56
40 57
41 57
43 58
43 57
46 57
45 58
45 59
44 59
43 60
42 62
41 61
39 61
39 64
38 64
37 64
36 64
35 63
35 62
34 62
34 60
34 58
34 56
33 55
31 56
30 57
32 57
32 59
30 61
30 62
27 62
27 63
26 65
26 66
27 66
27 67
27 69
29 70
29 66
31 66
32 66
32 64
32 69
35 69
34 67
33 67
35 67
36 68
41 68
42 70
39 70
38 71
38 72
37 72
36 73
35 73
35 71
37 71
37 69
38 69
39 66
41 65
42 64
43 64
45 64
47 63
48 63
45 67
44 66
44 68
44 69
45 69
45 71
45 72
46 74
46 75
44 72
44 73
42 72
40 72
39 73
38 76
40 76
40 75
41 75
41 74
42 76
42 77
43 79
47 81
49 80
51 80
49 79
46 79
46 76
50 76
51 76
51 75
51 73
53 72
54 71
53 70
48 69
50 68
52 66
52 62
51 62
51 60
51 58
51 57
49 57
49 60
48 59
47 58
47 57
48 57
48 56
48 53
49 54
51 54
50 54
51 56
54 56
53 56
53 58
54 59
55 59
59 59
57 62
58 62
61 62
62 62
62 60
61 56
61 55
59 55
59 54
58 54
56 55
58 56
57 57
56 58
55 58
55 57
55 54
54 53
56 52
55 52
52 51
52 52
49 52
49 51
49 49
50 50
51 49
50 47
46 45
49 46
50 43
50 45
51 45
53 45
54 47
52 47
51 48
52 49
53 49
53 50
54 50
55 50
56 51
58 53
58 49
60 51
59 44
56 45
57 45
56 42
52 39
53 38
50 36
49 36
49 38
47 34
48 33
49 33
48 32
45 32
46 31
43 31
43 35
44 35
45 36
45 38
46 38
48 39
50 40
50 41
48 42
47 41
45 41
42 41
39 43
39 39
38 39
38 38
39 38
40 38
41 38
43 37
43 34
41 32
40 32
38 35
36 37
35 37
33 36
33 40
33 38
31 37
30 30
31 30
32 31
32 32
29 33
28 35
27 34
27 31
27 30
27 28
27 25
27 27
26 27
24 27
25 28
25 30
23 31
21 32
23 34
22 35
22 36
19 37
20 37
20 38
20 39
19 39
17 39
16 39
16 40
17 40
17 42
16 42
14 42
15 42
16 43
15 43
15 45
19 45
20 46
21 47
21 44
21 43
19 43
18 40
18 38
18 36
19 36
18 35
19 34
19 33
18 32
18 34
16 34
16 35
16 36
15 36
12 35
10 35
9 37
8 33
9 33
9 32
8 31
9 31
10 30
13 32
14 30
17 31
17 29
17 28
18 26
16 25
13 25
13 26
13 27
13 28
12 28
9 27
10 26
11 24
12 24
14 24
15 23
17 23
18 21
18 20
18 19
19 19
19 20
20 22
21 24
21 25
23 24
23 26
24 25
25 25
25 23
26 23
27 22
27 20
29 20
29 19
29 18
30 18
29 23
28 26
29 27
29 28
31 28
30 27
30 24
33 24
34 23
33 21
31 21
31 22
33 20
33 18
35 18
34 18
34 17
33 15
30 15
28 16
30 12
31 12
34 12
34 11
35 11
35 9
36 9
37 9
37 10
33 10
32 11
31 9
29 9
30 9
29 8
30 7
29 6
29 5
31 5
33 4
32 6
32 7
34 7
37 7
38 3
40 3
39 0
39 1
42 1
42 2
42 3
44 3
44 2
45 2
44 4
43 4
43 7
42 6
39 7
39 9
40 8
40 10
41 10
41 11
39 11
39 12
38 13
39 15
39 14
42 13
44 12
45 12
45 16
45 15
48 15
48 13
48 11
47 10
47 9
48 9
46 11
45 10
45 9
44 9
45 8
46 8
46 6
47 6
47 4
47 3
48 2
49 1
49 -1
49 4
48 5
48 3
50 3
51 3
53 3
54 0
53 -2
51 -2
50 -3
50 -4
50 -6
49 -5
48 -5
46 -4
47 -2
43 -3
44 -3
44 -5
44 -6
45 -6
45 -7
47 -7
48 -7
48 -9
50 -10
50 -12
48 -12
47 -10
47 -12
48 -13
50 -15
52 -16
53 -14
54 -14
55 -13
56 -13
56 -14
58 -14
58 -17
57 -18
55 -16
56 -15
59 -15
60 -15
60 -12
59 -10
57 -11
55 -10
53 -10
52 -10
53 -8
54 -8
56 -9
56 -8
56 -7
55 -7
55 -5
54 -3
57 -3
58 -3
59 -3
60 -2
58 -2
58 -1
59 -1
56 0
60 0
63 -1
62 1
63 3
61 2
60 3
60 5
56 6
55 7
54 6
54 4
55 5
59 5
59 6
60 9
63 9
60 10
60 12
58 14
56 13
54 12
55 11
55 9
53 9
52 10
51 10
51 13
52 13
52 12
51 15
53 15
54 15
56 15
56 17
55 17
50 18
49 18
49 20
47 21
44 21
43 21
41 20
43 18
43 16
42 15
41 16
39 17
39 20
39 22
39 21
38 21
36 21
36 24
36 25
37 26
38 26
38 27
38 28
38 29
36 28
33 28
35 30
35 32
36 31
37 31
37 33
38 33
38 32
38 31
39 30
39 27
41 28
41 27
41 26
43 26
42 24
46 24
45 26
47 24
50 24
51 22
51 21
51 19
54 20
54 21
54 23
51 24
51 27
49 25
49 24
49 26
49 27
49 28
48 28
47 28
45 28
44 30
48 30
51 31
52 35
55 36
57 34
57 33
59 33
61 33
62 35
62 37
60 37
60 36
57 38
60 39
61 41
61 42
59 42
60 43
63 43
64 43
64 44
64 45
67 45
66 44
67 44
67 43
65 43
62 43
62 42
62 40
63 40
66 40
66 41
64 41
63 36
64 36
65 36
66 36
67 34
66 29
64 30
66 30
66 28
66 26
65 25
65 23
67 22
67 19
65 19
62 18
63 20
59 20
56 22
55 22
55 25
55 26
54 28
55 29
58 30
58 29
56 26
57 26
57 25
59 25
60 26
62 27
64 27
64 26
63 25
61 24
61 23
62 21
60 21
60 16
62 16
63 15
64 15
64 16
65 16
65 15
65 14
65 11
67 10
71 10
71 12
70 13
69 13
67 14
68 15
68 16
67 16
71 16
70 17
70 21
71 22
73 21
73 14
72 13
74 13
76 11
77 11
77 12
78 13
82 13
79 15
78 15
79 18
78 18
78 21
78 20
77 20
76 17
75 18
75 22
81 22
82 22
82 24
83 26
85 26
85 29
86 29
87 28
86 27
86 25
87 24
88 24
86 23
85 21
85 19
84 18
86 18
88 19
87 19
87 21
89 21
89 20
89 19
90 18
91 18
90 17
92 17
92 20
92 22
95 23
95 24
95 21
97 22
98 23
98 24
98 26
99 25
99 23
100 22
100 21
98 21
98 20
97 20
94 20
93 19
93 17
92 15
93 14
94 12
95 11
96 11
97 12
98 12
98 13
100 13
100 16
100 12
99 11
99 9
97 9
96 9
94 9
95 8
100 8
100 7
98 6
99 5
100 5
100 2
100 -2
100 -4
98 -4
99 -4
99 -5
99 -8
97 -6
97 -8
96 -8
95 -8
94 -9
93 -9
95 -11
94 -11
92 -13
91 -14
88 -14
89 -11
90 -12
90 -11
90 -10
91 -8
89 -6
88 -5
92 -5
93 -7
93 -4
92 -3
92 0
91 2
90 3
89 3
87 2
86 2
84 3
87 7
86 7
83 7
80 7
80 6
82 6
81 6
78 6
74 6
75 7
74 8
76 8
76 9
74 9
74 10
72 10
72 8
73 8
73 6
71 6
71 5
72 4
71 3
70 3
69 5
68 4
68 8
70 8
67 7
66 6
64 7
63 6
62 5
65 4
66 3
66 2
66 1
69 1
70 1
71 1
74 1
72 0
72 -1
74 0
73 -2
70 -3
71 -4
73 -3
76 -3
77 -4
77 -5
77 -6
78 -4
79 -5
79 -4
80 -3
82 -4
81 -5
81 -7
80 -9
81 -11
81 -13
80 -13
80 -15
76 -14
77 -14
77 -13
77 -12
74 -12
73 -11
72 -9
74 -9
75 -7
76 -7
73 -6
70 -6
69 -7
68 -7
68 -6
67 -6
65 -7
67 -4
66 -4
66 -1
66 -2
63 -3
62 -4
63 -5
62 -6
63 -7
64 -7
66 -7
67 -8
66 -9
66 -10
66 -12
66 -13
64 -13
63 -9
64 -10
66 -11
67 -11
67 -14
69 -13
70 -13
70 -11
72 -13
72 -15
71 -16
71 -17
70 -17
70 -19
68 -19
68 -23
68 -21
69 -21
70 -21
70 -22
72 -22
73 -24
77 -24
80 -25
81 -26
76 -26
76 -27
75 -24
75 -23
76 -19
77 -18
77 -19
79 -20
80 -18
81 -19
82 -21
83 -21
84 -20
86 -20
86 -21
87 -22
90 -23
90 -29
91 -29
91 -30
91 -31
89 -31
89 -30
88 -29
89 -29
89 -28
88 -27
89 -27
89 -24
88 -25
82 -25
85 -25
85 -24
86 -28
87 -30
85 -31
86 -31
85 -32
83 -30
81 -29
80 -29
80 -30
80 -32
82 -32
81 -31
80 -33
79 -33
80 -34
81 -34
81 -35
80 -35
82 -35
85 -34
84 -34
84 -35
87 -36
87 -38
87 -37
87 -34
89 -34
91 -34
92 -35
93 -38
95 -36
95 -37
98 -37
98 -40
97 -40
93 -40
92 -40
91 -39
90 -39
89 -38
89 -39
90 -40
90 -42
90 -43
90 -44
90 -46
88 -47
88 -48
87 -45
85 -46
83 -46
80 -45
81 -45
81 -44
83 -43
83 -42
83 -41
82 -40
86 -40
86 -39
86 -41
88 -42
87 -42
86 -42
86 -44
85 -47
85 -49
85 -51
84 -52
86 -51
86 -52
87 -52
87 -51
88 -50
87 -49
89 -49
91 -51
90 -52
87 -53
94 -51
94 -50
95 -50
95 -51
97 -51
97 -52
98 -52
99 -53
100 -51
100 -47
99 -49
98 -49
98 -54
98 -55
97 -55
96 -54
94 -54
93 -54
92 -54
90 -54
90 -55
92 -55
93 -55
93 -53
93 -52
93 -51
92 -50
92 -48
91 -47
93 -47
93 -44
96 -42
100 -42
100 -44
100 -41
100 -39
99 -36
100 -35
100 -34
97 -32
95 -34
95 -33
92 -33
93 -33
93 -32
94 -32
94 -30
94 -29
94 -27
95 -27
95 -26
97 -26
99 -29
99 -30
99 -26
99 -25
100 -24
98 -25
96 -24
93 -25
94 -24
95 -23
94 -22
93 -21
93 -16
94 -14
92 -15
94 -15
95 -15
96 -14
97 -15
97 -9
97 -10
100 -11
99 -12
99 -13
100 -14
100 -17
99 -18
96 -16
98 -16
98 -18
95 -18
94 -19
92 -19
90 -18
88 -20
87 -18
86 -16
86 -14
84 -14
83 -15
83 -12
87 -12
86 -10
85 -9
88 -9
87 -7
86 -6
86 -5
85 -5
84 -2
84 -3
82 -3
82 -2
82 0
81 -1
81 0
79 1
78 0
77 1
77 3
81 3
82 3
82 2
83 1
85 1
85 0
86 -1
85 -1
85 -2
89 -2
92 -1
94 -1
96 0
96 -1
96 1
97 1
95 2
95 4
95 5
93 4
91 5
89 6
90 6
93 9
92 11
92 12
91 12
91 14
89 14
89 13
89 11
88 10
88 9
87 10
86 10
86 9
85 11
86 12
88 12
87 16
85 15
84 15
83 17
83 18
82 19
80 19
80 21
82 20
81 24
82 27
80 27
78 26
78 25
77 24
77 26
77 28
77 29
78 30
79 30
79 29
82 30
82 34
80 32
85 31
85 33
84 34
87 35
88 34
90 33
89 32
91 32
93 31
91 27
90 27
90 25
94 25
94 26
94 27
96 27
95 28
95 29
98 29
97 29
97 28
99 28
100 30
99 31
100 33
100 34
100 35
99 35
99 36
98 36
98 35
96 36
96 34
96 37
96 38
99 39
99 41
98 42
98 43
100 43
100 45
96 45
94 47
93 47
91 46
89 46
88 46
86 45
86 44
85 44
85 46
81 46
81 45
79 44
77 44
78 44
78 40
79 41
81 40
81 42
81 43
82 42
84 42
83 43
83 45
82 45
82 46
83 47
82 47
81 47
81 48
81 49
82 49
82 51
82 52
87 55
86 56
86 57
83 56
83 55
83 52
84 52
84 53
86 52
86 53
87 53
87 51
89 51
88 51
86 50
86 49
86 48
89 49
90 51
93 51
94 51
95 51
95 49
96 50
100 54
99 53
99 52
99 48
99 46
97 47
97 46
96 44
95 43
93 42
92 42
92 43
91 42
91 41
90 41
89 40
90 39
90 38
93 38
93 37
93 36
92 35
92 34
93 33
94 34
94 35
94 38
95 39
96 39
93 40
92 40
91 37
90 36
88 38
87 40
87 41
85 40
86 39
85 38
84 38
83 37
82 39
80 39
80 36
79 37
79 38
78 38
78 37
76 37
75 37
76 34
77 32
76 30
76 29
76 25
74 24
72 24
69 24
69 23
70 23
70 25
69 26
71 27
70 28
70 30
72 29
73 29
73 30
75 30
74 31
73 31
72 31
72 33
72 35
72 36
70 36
69 36
68 37
68 38
70 38
69 39
70 39
71 40
72 40
73 40
74 43
75 43
75 46
73 47
73 45
73 44
71 43
71 44
70 44
69 44
69 46
70 46
68 49
67 48
66 48
65 50
62 50
63 51
65 52
65 54
64 54
64 58
66 58
67 58
67 59
66 57
66 56
66 55
67 55
67 54
68 53
68 52
71 53
71 54
72 55
73 54
77 54
79 52
78 52
80 53
80 48
80 49
77 50
75 48
74 52
74 53
74 55
79 55
79 56
76 58
80 58
81 57
82 57
81 59
85 59
88 59
89 60
93 62
92 64
92 65
91 66
91 64
91 63
94 63
95 63
95 61
96 60
94 56
94 55
93 55
92 56
91 56
95 58
97 59
98 60
100 61
98 62
97 65
96 66
97 68
96 68
96 69
97 71
99 72
97 75
95 74
95 72
95 70
98 70
100 68
100 70
100 73
99 74
99 77
99 78
100 79
100 82
99 85
99 82
98 80
97 77
96 79
93 79
92 78
94 80
94 81
95 84
97 84
97 85
93 85
90 84
89 87
90 88
94 88
95 87
95 89
97 90
97 89
100 89
100 90
99 91
99 94
94 94
93 93
93 91
95 92
96 92
96 95
96 98
96 97
98 95
100 95
100 96
100 98
100 99
99 98
99 100
98 100
96 100
94 99
94 100
92 100
92 99
91 98
91 96
87 96
86 96
86 97
85 98
85 99
88 99
88 100
88 97
88 95
89 94
84 94
84 96
83 96
81 95
81 96
81 97
82 99
82 100
80 99
79 99
78 100
79 98
79 96
78 95
77 94
77 93
77 91
78 90
78 91
80 94
83 94
82 93
83 93
84 93
85 93
85 92
84 89
84 90
85 90
86 90
87 89
88 89
88 88
87 87
86 88
84 85
84 84
85 84
85 85
88 85
88 83
89 82
89 81
91 80
90 79
90 77
89 76
86 75
85 68
85 65
84 65
84 66
81 66
80 63
80 62
80 60
83 60
83 62
84 61
83 61
85 61
86 61
90 64
89 65
89 67
88 67
88 69
90 69
90 70
89 70
92 70
91 71
91 72
93 72
92 73
92 74
91 74
90 73
87 73
86 72
85 72
84 72
81 72
82 72
82 75
83 77
83 78
86 78
87 78
86 79
85 81
85 83
84 83
82 83
81 82
80 83
80 80
78 80
77 79
76 79
75 80
75 81
74 81
74 79
74 77
76 77
78 77
79 75
79 74
78 74
76 76
73 75
71 74
73 74
73 73
73 71
73 69
73 68
74 68
75 67
75 69
75 71
74 70
77 70
79 70
78 67
78 65
77 65
76 64
74 64
73 64
74 63
75 60
73 59
73 58
74 58
73 56
70 56
70 57
71 57
69 57
69 58
70 58
72 62
72 65
70 64
69 64
68 62
65 62
64 63
61 63
60 63
62 65
63 68
65 68
64 69
64 73
63 75
62 77
61 76
60 78
63 78
63 81
63 83
66 84
65 86
64 87
64 88
65 88
64 89
65 89
66 91
65 92
64 94
66 94
66 92
67 92
70 93
71 94
72 95
73 95
73 96
75 96
76 93
74 92
72 92
69 90
69 89
68 88
68 87
67 87
67 86
73 86
74 86
76 85
76 84
75 84
73 84
73 82
78 82
78 84
77 85
77 86
80 86
79 87
81 87
79 88
78 88
76 88
73 87
72 85
71 83
70 81
71 78
70 78
69 78
69 76
67 76
68 75
68 74
69 74
69 72
69 71
71 71
72 71
72 70
69 70
69 69
68 68
68 67
69 66
69 65
67 65
66 66
66 67
66 68
66 70
67 70
66 71
65 72
63 72
61 72
61 74
58 74
56 74
59 75
58 75
57 75
57 71
58 71
62 70
61 70
59 70
59 69
59 68
60 67
59 66
58 64
57 65
56 64
55 66
55 67
56 71
55 72
54 74
54 75
54 78
57 77
58 81
58 82
61 82
61 80
61 81
62 84
63 84
62 85
62 86
62 91
61 91
60 92
60 94
59 95
58 97
60 97
61 98
61 99
62 95
65 95
65 96
65 98
66 97
66 99
64 100
64 99
67 99
68 99
69 96
70 98
72 97
74 99
