118 29
120 32
124 48
132 55
136 55
141 26
164 27
177 36
182 38
178 54
191 51
204 85
207 104
213 106
201 126
202 137
190 135
189 128
182 127
182 111
178 104
187 100
177 93
181 91
180 87
165 83
160 73
138 73
139 65
140 68
148 75
148 79
146 95
154 95
154 92
158 94
165 107
158 120
168 137
181 145
180 162
186 186
189 167
194 164
204 155
208 142
211 141
229 143
234 140
233 149
226 159
235 163
235 173
225 175
213 167
216 185
217 197
217 208
204 208
205 213
213 225
215 247
239 244
237 253
243 261
253 300
249 315
251 327
255 332
272 317
277 316
276 304
272 294
270 294
274 282
269 279
268 271
277 274
279 256
266 250
264 245
265 243
267 242
253 238
261 229
267 211
249 208
234 210
234 218
222 215
224 205
221 194
224 180
245 180
251 181
257 192
375 198
375 217
387 224
382 226
381 239
353 243
348 252
352 254
357 264
357 266
355 275
349 289
346 288
342 293
348 294
371 294
370 290
370 297
371 310
357 319
347 327
342 334
341 346
344 363
346 357
339 354
320 352
326 351
329 335
313 312
299 303
293 309
294 330
283 342
308 349
306 351
291 359
285 362
271 368
272 378
294 374
301 374
300 377
311 386
324 384
324 408
329 405
329 425
319 421
317 431
313 428
306 418
296 422
293 432
283 432
284 436
283 436
277 454
273 498
256 503
257 513
256 527
254 528
249 531
260 529
263 523
282 529
287 538
274 540
275 548
268 545
265 541
256 546
262 555
247 559
233 568
232 555
236 544
236 538
205 531
191 534
180 534
181 550
190 545
201 569
187 575
185 575
186 583
225 582
225 580
243 579
248 573
256 571
257 563
260 564
279 564
290 557
296 538
301 532
302 525
301 524
300 524
315 506
321 498
317 485
311 491
304 496
300 490
293 486
296 477
296 468
291 467
303 466
303 456
303 445
320 453
325 462
333 461
340 438
344 436
343 411
351 408
353 394
363 385
362 382
361 368
361 365
366 366
370 371
373 358
359 352
359 341
368 339
361 330
383 327
395 301
400 290
389 281
383 277
366 274
370 272
375 261
377 254
388 258
399 261
398 256
416 255
414 248
409 245
401 244
391 244
401 236
417 221
421 219
431 215
417 191
408 193
400 187
413 186
415 181
431 163
450 164
455 141
466 120
466 118
462 107
457 95
463 78
467 79
478 85
477 64
479 60
462 61
461 60
468 59
473 52
483 37
480 38
471 40
462 43
454 51
437 45
438 64
437 73
414 100
433 102
440 107
431 119
423 119
420 119
408 120
408 124
396 131
406 132
413 132
416 140
424 140
402 141
399 144
390 148
392 159
395 160
378 172
