-11827 1372
-13408 -9163
-2683 -11355
-13036 -22299
-2865 -25955
-4818 -35477
9697 -42106
-5360 -43289
-14489 -38483
-25115 -47277
-25717 -55755
-29245 -69551
-31521 -75370
-39003 -72352
-44107 -63930
-56607 -69090
-58090 -59353
-62135 -56262
-62364 -57648
-73660 -58797
-82448 -62970
-78372 -50690
-83514 -36714
-80413 -30306
-79213 -12365
-77250 -13141
-77304 -20425
-69692 -22232
-67647 -44360
-62267 -45058
-45049 -40068
-41060 -38422
-28622 -29920
-39922 -29478
-63827 -28409
-62811 -22473
-49726 -16600
-31123 -16642
-37182 -9518
-29528 -5813
-28800 3081
-23940 -639
-20818 15669
-17051 16529
-8751 12800
-14749 32916
-10461 34510
10468 36882
5231 64933
4673 67852
-1086 64463
-20076 64885
-21516 75066
-15572 78302
-16123 86385
-23026 87127
-4316 85846
-2839 78521
4893 78887
6734 87845
7627 98275
10854 102722
14659 106419
13233 82344
24265 74626
24497 78017
42812 80508
41263 83709
49506 95982
32799 92906
31989 111982
40498 115333
45720 114769
42901 124711
36112 118166
26103 117759
25094 119223
14091 116360
11424 131671
23890 136061
28936 135212
29604 142817
30819 148372
34647 158236
35801 158892
36936 181514
41384 183560
55276 184690
52336 173044
62373 171930
67703 176242
68418 180507
68457 180203
70413 174698
84672 174720
94277 185667
101522 177319
116165 171695
96133 158602
106459 146596
92211 138617
83804 145773
51155 151953
48604 135801
56743 126980
67976 134645
78747 126344
71092 106999
73684 106653
79441 103170
96157 100656
108766 93452
118011 100500
121050 97024
125642 96452
122625 111626
112391 114403
102813 126281
113167 128637
129340 132005
126865 134174
128043 143146
128760 145491
133176 165620
134698 168448
138237 173818
134442 179590
143008 178650
143629 196070
149314 202056
144943 211920
163615 209972
167822 201870
170991 199045
180244 191314
174105 178164
171001 176974
162116 162523
149160 163919
146150 161462
140622 160548
144613 151703
146701 136237
150550 120526
159070 116380
165763 117575
167721 137932
181919 139356
181304 146323
178199 151241
173642 154133
181328 154125
185499 151499
189628 156243
190007 170561
194393 177952
195440 173739
197723 166897
198301 158577
223417 161613
229802 158383
242963 158571
236954 165780
233609 171468
225721 177091
219297 185839
213335 196108
224209 195616
225749 189548
232292 191506
237722 188025
249625 189266
249340 175585
257031 166193
261101 170861
290162 175637
296340 182568
314143 177873
317172 187780
311744 191466
311147 192442
304884 197489
302993 216175
289897 214903
291908 226464
305164 234929
298210 245235
280433 236856
275157 237681
279519 208599
278859 192942
270657 190231
255693 202628
245159 209038
247385 217517
233736 221520
244071 223793
251800 231322
247378 239724
231595 238544
228002 228447
226309 227787
223255 214225
202161 208676
190437 212186
180014 211297
187680 212299
189075 236319
167428 260836
153271 279237
152052 284718
124622 287298
133256 280794
132420 275552
123276 267742
137056 263437
149440 246516
150450 232444
118713 236086
114785 239750
96891 249552
94207 245019
86403 240530
83809 234718
91292 230359
96231 223317
79269 215944
84618 193644
86730 194995
88382 188457
78517 186939
65542 195489
63767 193809
63701 257177
63382 264632
46089 264744
47060 238293
39785 242550
35949 237334
22456 233448
18702 223813
17817 225880
20295 260987
20068 262063
10685 258097
-17712 257457
-21178 250159
-11877 251352
-2249 245730
-458 246755
2561 239402
-9915 226626
-1158 212248
23113 217135
24110 217991
26380 206410
5348 196484
10897 187013
12857 180066
4377 178487
-2615 171701
8814 155576
9375 138043
1084 141429
-8662 154958
-23615 163965
-26388 166617
-25921 169836
-21244 179363
-18302 179049
-17116 179853
-18586 197764
-15366 199726
-23285 200160
-22725 222649
-18505 221446
-19103 233777
-23604 237913
-27812 230344
-37260 239373
-39842 231113
-37278 219527
-34215 214974
-48978 216716
-64601 225365
-60745 253674
-66370 257224
-67906 273999
-81300 271756
-75342 283232
-72509 293292
-85013 300586
-76917 311468
-72537 306616
-71001 305375
-64444 302656
-37088 299025
-40221 290520
-43302 291744
-44447 292000
-44642 276105
-43189 258270
-30348 261683
-27770 271089
-28340 278507
281 277629
14460 276450
33149 279274
34866 287725
33557 302167
29229 291608
24504 279721
20659 282614
13310 290218
19412 306816
29084 308368
33883 309351
32274 311236
42152 316530
49084 320192
17353 321252
12707 323279
9866 319753
7983 320687
8561 332618
-2151 341720
5842 314822
-15816 308556
-26587 316179
-70322 314344
-70032 321897
-72323 329002
-73447 330918
-65233 356607
-63448 344016
-45100 326571
-25506 325515
-16903 325689
-10624 327091
-10932 331564
-14944 331358
-20742 332066
-25435 337037
-30781 337344
-35328 358114
-31190 361872
-24543 358511
-13803 350821
-15008 367973
-15361 379957
-7077 382231
3353 376326
6601 366821
19461 359117
20116 366480
20748 399761
13322 401488
10774 406659
6557 403309
5230 412167
14977 411751
23372 415475
51530 420206
44744 390879
37065 376811
30301 374108
27002 372001
28195 365842
32331 357750
48631 351025
66023 344314
70079 332802
75547 333957
75484 316739
71667 304390
76503 301460
82461 298764
67326 295187
71226 290130
43050 282306
62254 270039
74167 270890
80042 273865
78187 259227
83092 253671
96599 254750
102065 264198
96053 265259
89571 278866
91783 283647
100212 281212
96322 292417
85112 305622
110038 305096
121660 308461
115096 318728
108610 326259
102290 320951
100511 320897
100388 334459
100788 334658
102448 353409
91204 345080
78405 356310
67466 372355
73274 375608
92597 375357
88788 369206
101592 369514
105534 386818
100143 387836
83251 392515
74475 401656
79856 407472
77036 412552
71363 415006
72439 437873
83781 425186
87207 433790
85114 437053
85609 439785
87743 438829
93525 446269
98994 447748
96307 458772
91284 459916
96033 470246
87355 470087
87859 477557
89454 499592
62375 491484
79237 483115
82751 473454
81550 463442
78660 451423
73623 456468
73828 469299
63002 470283
51161 469708
53298 459302
58252 461604
66243 461601
66772 449622
56390 449864
39175 443716
43895 453629
42751 457571
31387 460512
33940 483610
34355 478708
36011 478497
46637 477193
48204 480117
48905 498707
12640 495552
9241 499793
6686 491546
-12615 491150
-22940 475989
-6254 479988
7091 459323
-2768 440984
-3195 427371
-25987 434405
-27368 452944
-34357 434847
-32792 427802
-34474 416673
-24804 412088
-27698 401491
-22671 399691
-22163 399424
-7864 401994
-10793 404077
-15953 386313
-43773 387335
-47450 380223
-45488 390984
-49116 397531
-58623 388114
-59298 381779
-70537 391692
-73647 392272
-89358 389619
-84587 378975
-75867 373578
-79613 367077
-88121 356421
-118454 370843
-117374 378896
-118537 384453
-119851 372023
-122203 367603
-122653 365232
-125389 353972
-117555 347534
-106879 342589
-90915 323508
-94728 315513
-124334 315373
-130122 327919
-135364 340110
-145531 357583
-150260 374008
-141949 391996
-167105 392138
-173113 393879
-182365 407747
-185668 409556
-200720 400722
-194498 386736
-197557 379318
-201962 375360
-188194 364366
-188505 354150
-188867 352907
-155791 353037
-159587 347537
-150223 344053
-151098 332318
-160985 325488
-152716 311161
-146595 312106
-138682 306122
-134916 295353
-142603 296615
-156070 291437
-147542 280806
-167233 282050
-177126 265099
-170382 258207
-160682 258027
-159458 255150
-151684 262671
-127650 266203
-123210 259210
-101211 260134
-99614 252213
-109151 249808
-106229 246635
-114113 244510
-119438 226191
-122495 217478
-123702 225135
-144793 225492
-157292 228172
-138142 207530
-128947 193426
-115176 192853
-116610 204757
-105959 205199
-99411 210641
-85337 213090
-79113 219671
-70057 219051
-71815 204361
-55599 205051
-51676 199649
-48919 194706
-57837 195108
-66831 190274
-88007 183092
-110402 188515
-113368 187548
-112141 182490
-107945 177081
-105169 154785
-83109 151334
-71500 158866
-55808 174092
-53033 175269
-46929 172760
-49613 159379
-46885 147248
-42515 138145
-30215 148459
-18461 145417
-16610 116734
-1393 114953
-6638 108040
-15904 111241
-21341 108665
-32839 108693
-31621 95471
-43300 101583
-47390 111660
-59052 114866
-71982 115652
-76990 113203
-83916 117689
-82912 117009
-82571 105436
-79538 96696
-71192 104887
-61434 78028
-56719 74920
-48551 80155
-46117 56924
-43348 48894
-43592 43929
-64453 48433
-69157 59012
-76012 59938
-98922 62208
-101806 76905
-100178 86246
-99848 111750
-99068 118916
-104329 122110
-109726 120605
-117001 122301
-119005 111276
-128994 105456
-132649 98882
-133086 90567
-139507 100308
-143591 118356
-146021 76510
-146781 64636
-146576 61000
-141778 59894
-140832 52656
-133253 55949
-100954 53536
-93807 51484
-104746 38022
-96020 35144
-77585 32579
-70436 21884
-51663 28892
-46928 24690
-40534 17663
-55260 11831
-58397 4777
-58884 -888
-68220 931
-82087 6825
-83972 14855
-101668 18337
-113918 17781
-120455 14210
-125935 13618
-117017 10141
-104170 8844
-97430 -3501
-103330 -5722
-115512 -31986
-124610 -34162
-127016 -30142
-131793 -26324
-130049 -21472
-133734 -22079
-141094 -41666
-142284 -67582
-143532 -52461
-150121 -45904
-157660 -31683
-156517 -25844
-159086 -24013
-168926 -27755
-165181 -28516
-163266 -33640
-159448 -45420
-167759 -49999
-184284 -51957
-184316 -37054
-191437 -36710
-198450 -46342
-204355 -56132
-196369 -59645
-178790 -68714
-179141 -76865
-181704 -90400
-183251 -94120
-182295 -109992
-177357 -108053
-164351 -113823
-156343 -102731
-161836 -87441
-156879 -75528
-120353 -71675
-125818 -88839
-117217 -102371
-91735 -103008
-82181 -100659
-85975 -98873
-89000 -91471
-104717 -83027
-103153 -69300
-97102 -60610
-91108 -65583
-96387 -67412
-97266 -72219
-94209 -71833
-89290 -72015
-82383 -79710
-79894 -87387
-74349 -88757
-69504 -100997
-63066 -87886
-60373 -80338
-57045 -85742
-57031 -94478
-44290 -96422
-20839 -95895
-3910 -96673
17997 -78600
19364 -69115
41443 -73706
35976 -104597
40482 -114549
49562 -115341
49399 -125637
51860 -127046
57416 -130029
63368 -122510
65645 -118312
69380 -112122
57619 -98675
56215 -91536
65960 -83726
67020 -68569
80427 -76380
82745 -84343
89451 -101267
116762 -100293
110041 -109594
121013 -122795
115763 -128612
119763 -130349
130756 -132799
140238 -127933
157846 -128724
177855 -127137
193454 -131604
190881 -123026
186281 -114095
182379 -115940
175358 -107702
180512 -89208
172553 -90043
163409 -87949
157024 -96822
148977 -80054
135783 -91532
128076 -73957
129355 -69211
129774 -58624
134400 -55475
131633 -52828
134158 -45050
133346 -34686
146747 -31456
162405 -35141
149747 -48228
175219 -57699
179733 -68137
173135 -76254
198471 -79007
198682 -70599
199694 -67678
220986 -69261
221176 -79793
227690 -89320
210376 -86180
195293 -100284
189035 -100901
192254 -107083
205001 -107474
215558 -114916
222578 -104259
233611 -101419
234247 -116777
237229 -117705
241722 -111475
247316 -114369
246945 -98542
250142 -85806
254322 -79586
246004 -70957
257941 -65680
249266 -59878
251156 -54632
256089 -42121
261485 -50252
235832 -50345
233230 -65506
225293 -61098
221624 -59217
220949 -56649
213814 -54064
192522 -36887
184432 -26078
202018 -17073
194739 -11140
176354 -17701
170917 -5356
163890 -11894
155494 -17168
155412 -11974
135547 -8090
128718 -13902
127409 -13305
125406 -29770
125128 -27462
95400 -17198
89916 -15015
77388 -28517
96648 -37803
105270 -34488
105627 -49323
112596 -60831
105454 -78577
98950 -70372
91769 -66215
92566 -58896
40479 -59227
39347 -47849
38018 -48534
23548 -46481
25745 -35322
17958 -24974
10389 -17142
17501 -9943
18953 -9406
14248 -1297
21428 34658
33746 29272
34108 24090
47970 20551
39209 4896
47007 -6825
44605 -25936
45083 -18806
54389 -14161
67953 -11406
72359 -4095
59412 -2152
55090 959
48478 1454
48646 9649
60963 12380
64994 21464
59678 34493
46076 31964
42302 33949
49773 50717
52106 52649
53527 54883
47669 61177
37944 62641
64240 70159
63636 72939
81639 85851
85518 62030
101216 63387
100486 56476
95863 47414
100001 37872
94018 30342
104368 18444
104370 49816
110749 50444
106972 58665
114193 64443
116544 68592
128261 68794
122864 52720
115170 42495
117911 40230
121551 29527
121204 23917
122729 24003
126340 14673
130586 21300
132832 30774
148556 41440
143164 60958
148409 71446
148205 80907
145024 85271
165565 85197
162554 88566
153547 96415
154092 99400
167010 103493
169969 109666
178643 104500
193426 104861
189992 107864
190562 114451
204838 116419
211592 125947
217982 129528
222679 132440
219738 136058
210109 138079
193889 133703
193504 133283
197439 125440
196999 95887
208739 90437
203570 68010
204717 62729
201115 60618
192939 65169
194791 76448
176235 79259
175459 69654
172799 58130
180010 48708
171872 24479
166349 24912
147196 28350
145107 29992
144315 22943
145431 18165
153246 8875
177261 10960
193269 14491
196029 29669
198329 25076
197997 18180
204569 -2416
222046 -7444
237476 -9135
239737 -19728
244346 -20523
254671 -1628
232656 2235
223445 12017
231581 19161
254776 15262
261458 6483
271254 7470
271512 18293
273464 16994
276315 16831
283281 28569
283039 39273
284031 52433
277242 52347
280204 57780
275328 67627
266886 60754
265410 40000
263718 38751
241108 38661
242905 57728
223475 60727
215480 27426
215293 44277
212599 62137
216472 75790
229432 83735
245336 86200
240770 97746
231823 102973
231114 105505
226512 121951
239238 120501
244826 135632
253157 131335
259681 142105
269416 129061
274546 131196
284546 147522
301212 160983
304144 158726
305282 165542
320805 167824
319266 153035
315587 140979
321152 133718
321264 132141
308033 128947
308637 125581
314483 121572
320268 114527
320997 108371
321870 105183
337200 106863
354440 105724
356901 97910
338663 89004
336259 81359
333329 92069
329493 96653
324994 98877
325665 94376
319278 83976
312479 76219
312361 68770
301824 65678
306088 100383
308137 105329
284768 118518
266691 115639
257754 114484
279203 102257
277344 102099
276142 92862
269671 84104
283500 76382
293184 75335
296463 54343
294214 42755
300759 49434
314873 48902
320211 33527
317009 28547
322501 26742
330323 21708
343980 27447
345307 27911
346494 33153
327949 44170
333830 46771
339986 57970
352761 74626
352762 76628
372170 86841
376102 88039
386589 81561
386555 84725
386324 89996
393567 89875
387518 104133
388063 107442
388507 105332
397189 104460
436491 116736
442990 117915
438414 136301
415860 133769
389141 155925
379375 142460
382246 135119
389080 131869
393194 125368
391680 125143
380594 123866
380798 114371
388309 112310
380593 111087
372877 123522
354437 129880
339028 134418
352186 143658
353616 145034
351549 157916
348097 161084
344608 166369
341228 172327
365781 175408
368381 163803
387101 163266
390164 163056
418298 168209
425585 157432
429519 161005
440408 162488
437909 186363
441348 192144
430080 200679
426986 198761
419210 205604
419503 190218
396758 191116
381962 194690
375168 202607
384301 207319
383068 215968
377979 214221
380496 236661
380112 255202
384679 254395
387333 275098
373521 283371
369221 281496
351016 284897
355127 277559
356146 276627
353920 260170
346303 258247
343989 248349
341197 244354
343035 242982
344662 238258
343702 236999
349074 227995
356099 231149
358648 209176
334962 208969
342568 203303
341160 201262
339399 198944
325954 199174
324454 212411
323891 222141
330815 224246
332390 243150
324957 240825
312455 260627
293863 269126
297658 279157
295435 291202
304346 286677
307140 284175
329515 294773
325034 301115
325789 315088
335770 321043
348122 322900
354599 339843
347953 349538
354343 361416
333642 357430
321224 346810
311011 352812
303887 340558
300439 362916
287882 373798
274309 369357
288255 349755
279842 342282
264022 342749
256709 349623
240961 346999
228239 347161
233203 360193
230457 373677
223182 374914
215667 382712
209505 387644
208895 390081
210631 414256
193548 412418
190314 394166
185337 390364
189052 378595
187261 373554
192151 368316
195019 368820
196794 359124
202293 357201
216824 351243
172253 342749
170152 326910
164401 322386
188296 309194
191478 314038
202131 320778
206219 305863
211677 297332
220612 297500
240174 294544
237803 299090
235611 304199
229339 323041
235831 341964
258667 333892
278739 334557
275195 329574
282799 325405
278403 307869
274076 310772
267205 307629
264725 307803
261377 297814
261625 281809
253030 285481
257650 276005
268116 275357
268107 274174
280908 272537
280153 258752
256066 255800
248170 261930
235929 251992
221284 258503
208173 254395
200249 262900
206927 273086
199663 273791
190431 277135
180295 288309
170130 291172
168710 290909
161526 287485
157105 289953
154711 296190
157600 300304
146552 305074
136219 300115
131010 305598
128004 309983
133106 308548
133682 321533
146029 320438
137489 334319
126148 337276
126145 358445
132060 370206
129914 373575
134362 376002
136493 373570
137749 375612
164106 377179
168301 380008
173513 380890
174021 394671
158343 410004
147346 413950
145643 415545
142200 402075
134606 391215
131884 403760
130005 411140
117256 403032
110503 408258
117113 419307
120179 422694
143042 434064
140105 438787
153884 439367
156722 450644
154811 419749
162147 427801
176061 429514
178872 429813
179654 439315
185500 440797
188282 443417
193266 440007
221912 455310
235114 466394
242600 478694
228726 482843
209017 476040
189804 481099
190220 475631
190005 470218
173777 470980
169867 472120
179402 474811
181296 454876
174619 454155
138825 458402
138170 465129
130438 458527
119003 456807
122621 465936
118412 491356
134093 491842
139461 488138
143388 486261
173452 495301
251848 497395
252320 490304
269921 485235
290744 497372
290950 497891
302981 494994
313906 488298
315282 484474
331519 481099
324779 465162
310734 449432
305219 463373
307775 471593
309201 477149
292559 479101
292899 469858
283651 464954
282778 465713
280112 460096
259640 466975
265785 447730
263513 426747
254895 426215
235607 434857
232297 437008
231803 432773
250179 413751
245589 398624
254637 396083
258587 378129
277266 384246
275054 386272
267074 387061
265794 396323
270447 400498
264576 408095
267639 421046
271508 422121
278868 421183
276397 439502
283891 439849
288767 439923
302044 426752
313119 429300
309673 414309
309360 401551
297969 393827
316428 383248
324135 388236
331350 386979
331396 372049
331835 383088
351424 383313
352022 373338
372668 369391
364733 375845
358941 388885
344257 398805
330928 408856
331480 410841
327954 417196
341338 417617
337216 426197
336938 441969
338318 447634
349905 458767
344558 472644
339308 477118
343612 495303
360469 491046
368657 495440
378181 495772
381000 497869
392760 494948
385123 481962
380178 479955
377208 474124
381005 471799
382806 470055
389645 466063
394008 461483
387899 456815
381457 455963
372842 449295
377287 439723
380883 435921
366134 436604
356684 423930
363847 421720
366901 412983
370542 420369
379767 419534
378650 394902
389579 400500
396299 393544
416726 407726
411718 422396
411339 421244
404790 421394
408942 436563
417748 431432
439681 423406
430297 428674
426303 436966
419928 443595
429394 453242
420553 456956
413130 455247
409501 452211
408207 441254
403038 456787
410709 464911
419756 474845
430508 481952
430253 482968
433220 490993
446210 496370
450679 487698
442658 481913
463326 476820
472817 476634
471164 486095
479468 487054
476179 498998
489336 498577
483055 467250
471536 464297
471102 459658
464347 453442
480546 453623
484305 451379
497956 454945
498607 426938
498561 426913
497619 409307
487447 413050
480339 416573
470445 406577
471483 398764
462067 397766
454328 402448
453110 411137
443898 400482
434873 386276
431228 381460
412855 390695
404914 367936
398286 354576
399180 352302
407057 343781
403759 338662
393209 333779
382277 352115
375198 347549
375517 327729
376394 319268
372073 314125
363713 301892
341584 301811
345358 300937
359240 293170
361543 287681
362797 292278
384086 296945
412350 319406
419711 343445
421764 343949
423775 351358
441577 351527
447692 368217
447140 376456
448898 383946
457595 389044
468211 387829
485038 386032
491702 392206
491671 370906
483126 372241
477754 371914
476048 370392
467958 373172
456309 374715
466040 375317
468164 357768
479353 357774
485848 361899
491576 312714
492426 305917
492129 292788
489472 294317
486054 283009
483499 308345
478078 319238
455416 319246
462179 305100
460965 296592
458524 299809
450049 302642
425275 304437
427326 296605
436589 289306
417026 287335
427915 280543
438244 279103
440256 270683
433161 271285
429611 264108
429023 241971
423118 242293
422007 236978
417411 237807
414717 250414
412929 255042
407828 256053
412794 213826
413645 220091
422663 220015
423508 224751
427415 228663
430306 227668
452684 214191
457809 213576
469380 209055
464241 243807
452574 244618
473146 246825
487751 265690
491599 250199
492659 248764
495788 245165
487881 236604
480975 239508
480412 223787
489154 220725
496420 211053
497052 198457
494332 190657
499838 187811
492570 183818
486388 193820
479276 191162
480965 196320
478831 196623
466549 197856
462208 191615
467058 151956
477975 150449
492263 139143
491064 138431
475888 118565
476769 114422
498922 103223
495820 102335
474918 97844
472931 109109
468776 110622
444302 98348
441270 80735
430028 84697
414099 84098
405073 88425
401390 76815
400257 68375
396079 66017
384212 64442
378272 60866
409126 61052
426684 61017
423929 56694
413870 46341
416150 41317
416885 32900
430684 16558
435231 27654
440251 24342
448929 26040
442341 11537
445771 3827
442406 -252
449899 -2302
463297 1883
467710 8085
469019 13350
467021 37960
460162 57820
465336 73249
475047 65734
474508 53593
483316 46591
491672 41306
497682 26716
495306 -13523
484399 -1628
478801 -3922
472257 -9294
478394 -13350
483885 -25736
483546 -59314
495106 -81713
490805 -94088
479696 -89400
466652 -81727
466302 -84887
458336 -85987
450768 -93327
451034 -100460
449044 -106851
449067 -110643
455227 -114555
454818 -119349
453909 -128650
468078 -121423
468534 -159360
470693 -144988
474711 -144518
479609 -138097
482697 -133866
486775 -127785
496311 -129800
496296 -155957
494819 -158062
495858 -169831
486346 -192312
479300 -194203
478700 -186471
468800 -192371
471838 -196187
476322 -195203
486642 -201253
495205 -204490
493240 -205399
493093 -210459
486062 -211875
475700 -221307
479832 -221322
481001 -227933
486484 -229488
493883 -245920
468466 -235840
464092 -216393
460102 -195951
449080 -194712
447743 -209287
450286 -217026
455535 -217366
458586 -222808
457653 -226741
449022 -227021
449188 -235122
442463 -233532
433421 -231173
434831 -242805
428985 -238970
423645 -237462
423626 -221449
430302 -205216
429004 -194976
432691 -186771
429398 -182584
432514 -170304
438094 -157347
440968 -156729
435904 -155028
426258 -153380
414168 -149262
413425 -142899
403481 -136159
396138 -145932
371412 -151722
363996 -151168
340890 -159325
343059 -165508
347192 -177035
325605 -172413
319254 -172579
319042 -179027
316493 -183310
321573 -183086
330746 -194414
333004 -202445
354236 -205412
354305 -200205
351899 -185782
357626 -183145
362056 -198299
380230 -192972
378702 -182580
410460 -169244
412526 -177316
417810 -187015
409983 -188346
410996 -198588
404113 -199943
394895 -197000
381967 -203075
377237 -213815
367097 -218988
381002 -219883
385209 -221349
390746 -227420
396131 -227907
407266 -235670
410822 -232628
416356 -236927
420538 -248102
421568 -249026
439792 -251024
461713 -255245
454276 -271212
469547 -275890
478174 -268520
483505 -273378
486089 -284939
492783 -292756
478241 -287879
480332 -301585
474324 -299493
460311 -292278
430052 -290924
428500 -276062
425705 -277175
408504 -272070
396805 -259682
394572 -261883
390229 -254838
384292 -274675
371868 -275714
354218 -282889
359237 -270071
357430 -265811
364996 -262583
380184 -263945
376474 -262633
373394 -260394
373118 -255795
368604 -243780
366603 -242689
366911 -240114
361267 -241025
360441 -229318
346499 -229617
336106 -226750
336904 -211051
318959 -213320
317391 -207149
307255 -196593
303867 -197008
300636 -198550
299424 -199477
290934 -181185
283039 -193961
281513 -189884
278154 -185246
266796 -183969
258988 -185837
264320 -188919
262123 -190738
259351 -196722
275092 -212120
281072 -214828
275124 -224221
294788 -225839
304087 -238553
308268 -243839
317823 -233461
327454 -232948
335002 -245609
333051 -255628
323845 -248197
322835 -257059
303494 -260493
296087 -280303
287096 -278150
280125 -270762
282051 -281765
284632 -285109
283098 -290194
291788 -292732
302114 -296218
312102 -305484
308459 -312988
313439 -316950
339370 -320222
343793 -318370
346385 -305111
353118 -305258
366117 -302066
364538 -292669
384138 -295238
385364 -299514
391387 -295839
392293 -295835
394722 -294660
397660 -283791
405910 -308279
391937 -314272
381185 -305325
380694 -313239
364381 -316816
359505 -322801
373169 -337889
364589 -339492
361694 -339589
353011 -338051
348897 -347183
344110 -368295
347894 -374398
359948 -361807
366188 -371693
370001 -373985
374004 -376571
375324 -381569
379303 -366590
386085 -367862
391034 -379063
401675 -381368
402681 -382692
403013 -376932
394559 -368166
399781 -357796
390808 -357186
392701 -353622
393613 -351835
386756 -340687
377527 -334808
376644 -327801
382322 -327669
397200 -327392
393514 -332286
414558 -336820
421010 -333983
419839 -329913
423600 -328983
424292 -344560
425656 -333101
431323 -333640
439310 -327506
439620 -307833
441235 -307941
449427 -313508
445084 -317870
458567 -322815
467859 -317620
468883 -316636
477388 -318088
480406 -316634
487100 -326520
491250 -327907
480748 -332190
482455 -333636
487651 -339371
481185 -348805
495807 -349607
487664 -353216
487055 -366636
479866 -367733
489835 -375492
467752 -377524
463326 -384152
451306 -379231
456848 -364077
466592 -358318
468249 -337151
465858 -338244
466017 -343571
461352 -346620
444801 -353145
435269 -354122
435216 -362851
428898 -379805
424649 -383911
420372 -383030
418392 -391742
424049 -395715
430985 -388967
446492 -397052
453690 -400435
450839 -409892
472223 -406305
481488 -414067
493436 -404626
493751 -399618
497986 -398291
499325 -410747
496812 -431292
495335 -432204
479371 -428093
480895 -446319
475198 -448272
469025 -451366
469854 -454840
466954 -458702
461998 -471025
449310 -471547
479870 -475125
497840 -474079
497580 -491091
470215 -489504
468165 -482263
459945 -480076
461165 -485083
462674 -499613
460033 -497414
448436 -496653
435803 -491690
426518 -485672
441857 -485233
437538 -474945
437102 -465126
435230 -455745
428985 -448344
417350 -438964
455114 -445914
451258 -433554
460628 -425108
453807 -420625
444522 -422542
435632 -416939
424693 -412355
418146 -407053
407170 -404489
402450 -403640
393670 -398449
387603 -395055
379968 -398919
379189 -409607
371613 -383493
362838 -401558
357064 -404756
340597 -410698
325028 -406668
322362 -417106
342991 -418926
364508 -413904
387114 -412915
389248 -418800
378231 -433757
366294 -431957
366600 -435219
375767 -456143
404749 -451433
404373 -458793
408169 -474434
396669 -480580
405007 -484295
403690 -492926
398216 -492303
392177 -496433
385615 -487993
381192 -490543
366684 -490478
373947 -481830
371842 -479098
362793 -472813
362395 -467402
354818 -450158
351643 -449055
348322 -458343
343614 -461241
351293 -463324
351871 -481815
343055 -478359
338205 -494751
334003 -494967
328044 -475279
325988 -468532
323021 -455148
323671 -449573
336062 -453317
339280 -440240
335233 -432462
297787 -444991
295045 -441870
297640 -423203
302127 -417472
303841 -416590
305906 -403415
315634 -391937
311262 -386494
307810 -380328
296143 -388768
295029 -379181
292856 -373255
292320 -369038
280140 -365865
292971 -360883
304479 -367153
308953 -358160
312958 -361742
334953 -356127
337886 -339640
322792 -338229
301045 -330541
288347 -336888
285806 -343958
282453 -341195
265465 -346068
261379 -341120
258264 -332822
248665 -315919
266287 -312028
274838 -293332
262670 -278666
259706 -284337
258404 -293568
248044 -289169
246708 -286647
240966 -283782
238546 -265519
237125 -260189
230697 -256180
225792 -256200
220258 -280814
198385 -252979
194934 -245075
196223 -237578
186147 -242560
163323 -257505
183098 -278038
189629 -273160
191897 -292538
193088 -301074
187774 -304135
174843 -310496
182312 -323339
179319 -331621
183514 -337375
188229 -340922
199087 -336315
200628 -347697
207396 -356264
216408 -352904
218460 -339656
225310 -324099
230582 -323726
234171 -323547
241642 -328975
241669 -349839
228918 -371226
235992 -371911
264579 -375406
278797 -368999
278079 -384857
281022 -396749
289059 -400460
272976 -397677
265324 -392299
261431 -412661
255470 -411166
239247 -398045
233442 -393396
225751 -387807
220531 -395062
222061 -402314
214763 -403755
213957 -404253
194727 -404895
207805 -410042
230378 -410990
235202 -419452
236640 -446436
249448 -461048
267596 -450856
296621 -460726
302168 -469996
315529 -485035
303149 -486671
298967 -497148
295263 -484702
285868 -465796
271141 -475777
261960 -471882
256369 -491062
249561 -493136
245719 -490775
240004 -486806
230892 -490644
227772 -497691
225501 -487738
213386 -480367
192047 -491649
193799 -481974
195802 -469250
191166 -469955
186998 -457427
195136 -443917
203883 -432604
196080 -422467
188350 -427901
170221 -422604
170535 -412791
172347 -400517
182356 -400327
187285 -392675
181980 -382214
187798 -376174
184538 -349949
172922 -354046
176719 -360916
175535 -369260
166031 -378792
151293 -394438
149790 -454231
159775 -469319
160380 -470140
178989 -490506
141133 -487990
140287 -483100
115870 -499593
100970 -491921
75755 -496483
49399 -497493
50640 -485777
61019 -484838
69602 -483878
66997 -471091
76326 -468429
92580 -472751
94370 -472759
102502 -464972
108515 -468775
106983 -481267
129354 -472506
130053 -468556
123405 -459716
116622 -462912
108356 -453659
109977 -439289
118261 -439897
123286 -441989
122050 -431260
122584 -423282
130732 -426059
143870 -425423
139350 -421301
127935 -415284
128579 -405571
118275 -412067
117760 -406317
118059 -399435
108811 -394591
104834 -389417
87763 -392218
90185 -396340
96825 -410313
98130 -422784
92471 -444570
81753 -425383
65276 -434866
70776 -445736
74429 -446048
53524 -454577
49095 -460356
49406 -473396
44234 -467995
25784 -472817
15054 -457437
13696 -484137
20813 -482506
25611 -491381
33545 -497883
11507 -496793
-7046 -490853
-4590 -480364
-27473 -481479
-36963 -478429
-31892 -469224
-43527 -470780
-58666 -470474
-62539 -474805
-70101 -494265
-85568 -494586
-79690 -473592
-94328 -462059
-104177 -462511
-101678 -446293
-78358 -448533
-76734 -451052
-72357 -452251
-64453 -442796
-70075 -408776
-50170 -411376
-49048 -411854
-46896 -417374
-51203 -417580
-51591 -433067
-52196 -441869
-49324 -452007
-42758 -449390
-14894 -451232
-2765 -456959
12517 -448005
23389 -430396
16526 -427221
15206 -404595
31092 -401706
32845 -436333
35539 -419182
40058 -421176
43497 -414419
56321 -411366
61947 -412226
64842 -412438
67445 -410336
75552 -397559
62457 -390127
59446 -382222
58038 -380613
52493 -384376
46027 -387966
41031 -393741
32875 -390434
35636 -371781
24720 -366537
6508 -380178
-2035 -421682
6669 -435538
-15963 -434143
-11751 -425303
-25619 -421983
-41195 -408723
-55566 -398499
-57212 -385497
-54562 -390622
-26846 -390888
-32633 -359759
-18096 -368399
-1183 -362636
8461 -354710
8210 -340623
-6140 -339169
-6210 -331137
-21047 -335447
-13158 -348467
-24993 -347080
-28532 -340569
-27229 -324633
-26200 -302636
-24685 -301990
-12516 -296015
-8213 -311472
780 -314028
8783 -315270
10294 -325357
32335 -332810
33722 -340287
33944 -348380
37827 -329477
39478 -320313
45938 -324712
56184 -327360
53129 -334364
50565 -344349
61152 -346546
79585 -343560
82690 -328296
72944 -321491
64035 -312722
68704 -295282
90601 -303468
94736 -332884
90413 -356261
129585 -358032
135630 -360212
149822 -358206
147586 -369772
123337 -374877
120484 -371755
122801 -365839
116979 -352795
116705 -337876
130435 -341752
130462 -337224
124085 -321376
126990 -323523
142054 -328388
141067 -334640
162077 -335721
157274 -304455
148113 -274778
143020 -274117
145396 -286898
138656 -292048
128333 -304172
124121 -300668
119574 -304943
116508 -302291
111602 -304687
106740 -308574
113633 -296387
111638 -287264
111072 -288227
106320 -289025
103116 -283092
98570 -277608
91655 -271180
82239 -263051
87070 -251172
99665 -246957
109450 -250127
116249 -254512
117668 -256949
122014 -260404
117654 -243618
115796 -235115
120685 -235900
156388 -236302
157099 -230530
159073 -217970
165405 -216315
166603 -208386
173948 -199727
174137 -202567
187833 -207778
189216 -205187
206769 -206308
207222 -230048
219307 -249928
232990 -239915
242078 -248865
251842 -247376
259847 -242548
265103 -242646
267935 -242821
271169 -238329
263226 -226110
249359 -225442
236352 -227118
228496 -231722
222694 -229612
222998 -228343
240886 -202864
237104 -191078
235111 -190923
225021 -200298
222384 -193692
219803 -184521
191735 -183703
194092 -175721
197383 -172777
199370 -159925
211047 -157057
214293 -157252
228720 -165538
231211 -171646
237140 -172246
247074 -181839
249638 -159995
262366 -150126
278437 -167676
289340 -157196
283161 -146985
288640 -126719
304678 -123836
316999 -129501
318840 -139629
319927 -140468
334300 -142981
336647 -133335
331607 -127630
332000 -120753
341035 -124067
352627 -135894
366934 -136424
368777 -134649
366349 -129027
367660 -128354
369610 -81702
360623 -79113
355902 -75941
360434 -76706
374525 -78734
378741 -70032
386981 -55840
395771 -58417
396192 -44386
365913 -44313
386328 -36162
386743 -27968
394303 -13895
403468 -22873
413339 -27228
413534 -35723
417361 -32440
441624 -51825
430640 -53875
424871 -67997
429991 -85848
421565 -84781
407505 -64756
394917 -79728
404552 -94289
384630 -97494
392059 -109520
392792 -111011
392901 -125181
409811 -123342
424901 -125805
441085 -118900
434361 -118220
433716 -117456
425163 -108602
421358 -107979
427646 -103426
433226 -94773
444055 -75968
447017 -77485
448665 -68695
459336 -71685
463745 -59160
462573 -55335
467115 -42182
463535 -24400
458986 -27402
440200 -29611
440318 -24902
442136 -24491
431130 -11426
423970 -7761
424802 7284
413507 4638
403813 3078
387193 14656
377392 19161
373715 22467
375862 37131
384910 35228
384439 50055
368525 45181
361220 43339
359280 37541
358211 18162
365367 10626
352834 5721
360903 -8010
367484 -25239
371256 -28382
357329 -28598
349179 -33375
346589 -20424
339990 -11125
334445 -10941
316536 -630
309628 -1506
303612 9701
298743 21509
300393 -17175
302042 -20671
271014 -19893
258201 -20759
257411 -26228
255432 -27466
255121 -32139
268405 -32722
282588 -32998
295980 -48018
300351 -52377
306949 -46665
312948 -49446
332617 -53140
325067 -69112
335739 -73489
335453 -75586
336633 -85773
347058 -80247
350467 -80409
350737 -105458
324790 -95311
313341 -106011
297174 -110581
298282 -100360
302605 -92238
304693 -76939
300921 -64316
294349 -64780
283866 -59667
282719 -64072
283254 -67424
280918 -77492
270893 -89991
267425 -93011
267033 -97208
264756 -109993
257683 -131712
240052 -129825
239225 -133842
238099 -139470
217324 -134957
198224 -138904
201139 -147492
193412 -148320
184058 -161384
172815 -155552
151691 -188951
142551 -185773
142335 -181757
138613 -186701
128364 -199711
139659 -202168
139134 -206149
135092 -215096
122373 -217788
106266 -199290
99012 -200440
94670 -193336
92863 -224940
97685 -227827
88853 -231617
87070 -231597
66353 -234034
70379 -254737
66955 -250042
53961 -244842
41235 -240085
41951 -234946
29997 -228026
39794 -220635
40835 -209357
52805 -190574
54473 -196214
69627 -194845
76529 -179926
98404 -182607
98724 -178006
100000 -171950
114633 -160381
117769 -149675
113014 -145583
99343 -141011
96353 -138273
88417 -132079
92197 -142125
85320 -156363
68170 -152814
58797 -158437
41029 -160601
35425 -164120
26399 -139170
29613 -132561
19363 -123144
15421 -125068
7784 -113417
7425 -133934
-5859 -124932
-25886 -125388
-27699 -129017
-17522 -141934
-15151 -147139
-12495 -152499
-8662 -149314
-7551 -162328
-11010 -169942
-1296 -171538
6406 -172389
30532 -176804
17496 -186710
17011 -191199
9936 -216239
8090 -221754
-478 -211697
-17196 -211969
-14579 -223081
-12202 -220806
-7865 -223223
-5181 -236213
-891 -236721
11557 -237446
16065 -242192
17265 -243404
18132 -245800
36081 -251935
37035 -262994
29557 -285497
13115 -288599
12148 -292321
14519 -300033
10152 -309303
5036 -304339
4841 -263310
-2600 -263685
624 -261165
1828 -242028
-28378 -245296
-32092 -240698
-50026 -248146
-53285 -249822
-49324 -257576
-43616 -257407
-41156 -259691
-42127 -264230
-61624 -271558
-76684 -283621
-82711 -284175
-84150 -284253
-85409 -267748
-88537 -257114
-103453 -276578
-106760 -288420
-117789 -275855
-129617 -266637
-125737 -246217
-121142 -245328
-137697 -239509
-151216 -236234
-158427 -237305
-152880 -221575
-148506 -223465
-139327 -226465
-138694 -226804
-122859 -225754
-109462 -223771
-114606 -218572
-128078 -221347
-135094 -210806
-138795 -212450
-142695 -204158
-132392 -202745
-122839 -206333
-122066 -209888
-107639 -199129
-111882 -174632
-105031 -172928
-93226 -161951
-88210 -151123
-89029 -164608
-88449 -186805
-73228 -174415
-71842 -185659
-63311 -190674
-57728 -201355
-54036 -210619
-69303 -202449
-72085 -213250
-79346 -218654
-63065 -222989
-70133 -231134
-72934 -243698
-61083 -239363
-53215 -237813
-50345 -234557
-53328 -230355
-38780 -230844
-33537 -222255
-29933 -215151
-30078 -198494
-28033 -190785
-38790 -182051
-40504 -169634
-53935 -172449
-52988 -166692
-46534 -159488
-41856 -153614
-36533 -147883
-46963 -147467
-59986 -142477
-51021 -133397
-50243 -126586
-44073 -128192
-40554 -126174
-47052 -118786
-42004 -114445
-34030 -110632
-47763 -108587
-63940 -126098
-84762 -118940
-98052 -122582
-111646 -123650
-107896 -146454
-102825 -151096
-115453 -150408
-117051 -145397
-116480 -153648
-135742 -153048
-137586 -154490
-140898 -160527
-143312 -154988
-147529 -147224
-148644 -143578
-139908 -136826
-139230 -128226
-142121 -127490
-143206 -119710
-152530 -122102
-167285 -123554
-166541 -130429
-160869 -127612
-161574 -168021
-174868 -159614
-168474 -144607
-184607 -129474
-197498 -128567
-203544 -118996
-204618 -107646
-220260 -123092
-204087 -133271
-193237 -132616
-195038 -151665
-211593 -152775
-223445 -152377
-241571 -149951
-243178 -150879
-243115 -145756
-237737 -136326
-243255 -125973
-245612 -103238
-241583 -103824
-238394 -85462
-248680 -89268
-249452 -89852
-256370 -87812
-258410 -89728
-262075 -87672
-282352 -72583
-292726 -88896
-281692 -103046
-265221 -103117
-257872 -115824
-270490 -117818
-275922 -125404
-265619 -129783
-259760 -134746
-255116 -140547
-253864 -142308
-255373 -145110
-264417 -159698
-260068 -173295
-279488 -173232
-276695 -198644
-280567 -202495
-286457 -205873
-292486 -231612
-265718 -230131
-261031 -209015
-260309 -206663
-268475 -204596
-269486 -198290
-269400 -193365
-265773 -191666
-262560 -187909
-250637 -186329
-253756 -196700
-244716 -222622
-228236 -227109
-224048 -218901
-227331 -210916
-231566 -203637
-229910 -190039
-228431 -190736
-240887 -195732
-242299 -193182
-238582 -187179
-239516 -168916
-207827 -166462
-199573 -166981
-202201 -174019
-210552 -177798
-217807 -184023
-217347 -198172
-209704 -205899
-205937 -193377
-187162 -185427
-161665 -185432
-161262 -197894
-161596 -205203
-163448 -206065
-171137 -196733
-179010 -233019
-182826 -223135
-188242 -214701
-202057 -220647
-213475 -236880
-215397 -237221
-223242 -251291
-196141 -263196
-183738 -252495
-176383 -268624
-179133 -279211
-184435 -276982
-184499 -311449
-190824 -312514
-188352 -307242
-178245 -292127
-163463 -289930
-147561 -310224
-140952 -305799
-132831 -309395
-140285 -316715
-138898 -317301
-138829 -319773
-115679 -317530
-102867 -301680
-92424 -307698
-87885 -324105
-83238 -325200
-81482 -321273
-80510 -316599
-69373 -315918
-61745 -302894
-57268 -303059
-55403 -290880
-50079 -297275
-48494 -301822
-51427 -311616
-40371 -315637
-36775 -327332
-35283 -332807
-40765 -336378
-46404 -332078
-49364 -341997
-64679 -339512
-67493 -351075
-62400 -353518
-52749 -358995
-47934 -367904
-52509 -371762
-64328 -372247
-65744 -366468
-67382 -375590
-71743 -376557
-77309 -378035
-95119 -378125
-103744 -377478
-105374 -403326
-106839 -395495
-114596 -395066
-123177 -392720
-123632 -402682
-126287 -409306
-127275 -416202
-139919 -433664
-148844 -442895
-154146 -437946
-155866 -430003
-156270 -429327
-156638 -415663
-142172 -415186
-161161 -414950
-164832 -414631
-165794 -422341
-179809 -421886
-173842 -434368
-191408 -437057
-196546 -444094
-192855 -444582
-189272 -450925
-177379 -451959
-202362 -457071
-202698 -460801
-189681 -472306
-205375 -487170
-156942 -489989
-142125 -486075
-135209 -482184
-154990 -470799
-148259 -468243
-120799 -469106
-124748 -446564
-126799 -433061
-120278 -433081
-111150 -410773
-103131 -406869
-103191 -406198
-96771 -405648
-94496 -411888
-94409 -425513
-91079 -406318
-83968 -399926
-78776 -397338
-73494 -386210
-77895 -385124
-77486 -363557
-86061 -352487
-108721 -361807
-133073 -371928
-143719 -366651
-145591 -365043
-141513 -343285
-153935 -337805
-159473 -335565
-174938 -328584
-182521 -322651
-187289 -324787
-203721 -326507
-202873 -335758
-192676 -346701
-191885 -347135
-206054 -351082
-208651 -358850
-207971 -379162
-215903 -389474
-199796 -380529
-196019 -375647
-194930 -366945
-179634 -370229
-178402 -386681
-176132 -391124
-188672 -395134
-194823 -397351
-201127 -405972
-216330 -436116
-230018 -447904
-241030 -439745
-242060 -443786
-250609 -464630
-254610 -475629
-255470 -483299
-212103 -488145
-234629 -498299
-290560 -495083
-322107 -488131
-311969 -481157
-305762 -478375
-284152 -480524
-284083 -469325
-283272 -462941
-278163 -461912
-268818 -446413
-279202 -428636
-256601 -427081
-248274 -421002
-245375 -416886
-249404 -411263
-250254 -407983
-238692 -395349
-236235 -383711
-231522 -378742
-235950 -373088
-235034 -359113
-223976 -355185
-215006 -346476
-219496 -335593
-220344 -308519
-213258 -310048
-212984 -305778
-204511 -295439
-220198 -290376
-235625 -289730
-253762 -322938
-271509 -356375
-274383 -362168
-260210 -370175
-255095 -383670
-270918 -384933
-276397 -397925
-275874 -398530
-273648 -407948
-292303 -401859
-295755 -406559
-288678 -416069
-297725 -423706
-293354 -440176
-302785 -440346
-309744 -438451
-317367 -456379
-314664 -467561
-323747 -464928
-336268 -467125
-336321 -474618
-344426 -470075
-362889 -480569
-368320 -494754
-385109 -476315
-388409 -474148
-426729 -477296
-443583 -497179
-444312 -482990
-431744 -470697
-429454 -469248
-415384 -472090
-406011 -460706
-407379 -440403
-421564 -453789
-423300 -436499
-443429 -441507
-444762 -463148
-458397 -459603
-457344 -450831
-460920 -446864
-464603 -439436
-463578 -425122
-450514 -420423
-468246 -412441
-479239 -444552
-468907 -447939
-470877 -449297
-470486 -481009
-475824 -486256
-483875 -493867
-485583 -478961
-493709 -479667
-492723 -476457
-489138 -474683
-488442 -443680
-499042 -445107
-499263 -432468
-487887 -397681
-491734 -383185
-491849 -381114
-477919 -379058
-472864 -380445
-473025 -387870
-463040 -381046
-448979 -381670
-449787 -366183
-449993 -356350
-450314 -345368
-444271 -344352
-427234 -339240
-428579 -323346
-435755 -329359
-453389 -321516
-463851 -309538
-464015 -300443
-458239 -299625
-458121 -290725
-478224 -286349
-480668 -305527
-472493 -308088
-474251 -327389
-472576 -328664
-473190 -340298
-467995 -343465
-459576 -366928
-488999 -367534
-487398 -316946
-486787 -254432
-495345 -240838
-486345 -237474
-483809 -242342
-479970 -240669
-478820 -228280
-467135 -233743
-468911 -246055
-453204 -245599
-450422 -258564
-445249 -254236
-436991 -258015
-417838 -247100
-420131 -246773
-425145 -236121
-432683 -227795
-441769 -226592
-442682 -223575
-451957 -222232
-427026 -219591
-429474 -190256
-417553 -186296
-419589 -177753
-427009 -174126
-435500 -183929
-452150 -173422
-462678 -186416
-480126 -188741
-488507 -211574
-485138 -175368
-473918 -168655
-463785 -168319
-476605 -158140
-465391 -155270
-464285 -133774
-482270 -143655
-485532 -142286
-489279 -145322
-494853 -135960
-499981 -112433
-498722 -91123
-496903 -83638
-488703 -53307
-478458 -30326
-467994 -54889
-476863 -73878
-462272 -72476
-457370 -81988
-457388 -84864
-478211 -90788
-453281 -94321
-430956 -101823
-426715 -104903
-415980 -117282
-409825 -116241
-406609 -125775
-439535 -126990
-442514 -121756
-456311 -116806
-456319 -139264
-443073 -149052
-428970 -155166
-414550 -156088
-412237 -170280
-408077 -181179
-383835 -181596
-380141 -192196
-377424 -188233
-389892 -158702
-383413 -132815
-383544 -111932
-380194 -109289
-383181 -94022
-383464 -96413
-379948 -104570
-364439 -108490
-360931 -111850
-355587 -97278
-351451 -100701
-350854 -100400
-347207 -109956
-347279 -112977
-348378 -118839
-336676 -121849
-331318 -127568
-330070 -143062
-325142 -143427
-331799 -140547
-344565 -136032
-359328 -133102
-362675 -132960
-366069 -146475
-342302 -153205
-343217 -154563
-344811 -156200
-354568 -170070
-352893 -176978
-355233 -177947
-360459 -174019
-370898 -185485
-369206 -186713
-368036 -188727
-341435 -191063
-354124 -203337
-355191 -236983
-356740 -226365
-366934 -218459
-382188 -219147
-378395 -211093
-386066 -207808
-390810 -204645
-408234 -209090
-412072 -211137
-405147 -215278
-409169 -221471
-414308 -231051
-391666 -225917
-398388 -242072
-376617 -251537
-384644 -255226
-391011 -268410
-399724 -263874
-409890 -260210
-412388 -260154
-414184 -265742
-413431 -280200
-428579 -279914
-429693 -280789
-423062 -282808
-425474 -290227
-411088 -291325
-402407 -305170
-415853 -312354
-410774 -322850
-401850 -325360
-403100 -340196
-411302 -356983
-417882 -365971
-429605 -365066
-442232 -370684
-442562 -374049
-444359 -400317
-446171 -410409
-443010 -416777
-426157 -405234
-421398 -410625
-422630 -417944
-417366 -414456
-413177 -419031
-400309 -421688
-403344 -391830
-382869 -402131
-377206 -428989
-389152 -438744
-377843 -461840
-373391 -462441
-374379 -458028
-364184 -460245
-356245 -459586
-357688 -447493
-349648 -432852
-338761 -434572
-337204 -431606
-328842 -420505
-327289 -410718
-323731 -398497
-321418 -392324
-336321 -397401
-339161 -397749
-339554 -382223
-345102 -373971
-343429 -369840
-355977 -366163
-357041 -377723
-361241 -389946
-349095 -392541
-347272 -413916
-357096 -411388
-355031 -408478
-367634 -403703
-369719 -378132
-371887 -378542
-382433 -382240
-388124 -379920
-383586 -352353
-380093 -347206
-385458 -343117
-387645 -340238
-386254 -329054
-378853 -332276
-374010 -313461
-357396 -311674
-363109 -300307
-376420 -292498
-375943 -275384
-375748 -265973
-355804 -265421
-345965 -268699
-339827 -271177
-336123 -271381
-326997 -266405
-318794 -270622
-308539 -271130
-306210 -265642
-303022 -275578
-303474 -287177
-301373 -295928
-295116 -292910
-291784 -310717
-299023 -320130
-312785 -315644
-305637 -324594
-307551 -343480
-317617 -345008
-323142 -338688
-325753 -335539
-326349 -332890
-326569 -318518
-317326 -301606
-313601 -298267
-311958 -290181
-323290 -287958
-324543 -296477
-341763 -292803
-344982 -305402
-339165 -309542
-342955 -330518
-352543 -331364
-355023 -350885
-348939 -349524
-339187 -350490
-330691 -354219
-309328 -357388
-299655 -349806
-292750 -346524
-287153 -333391
-285376 -331260
-284813 -315344
-280548 -308839
-279871 -302201
-270353 -297551
-261201 -293693
-259728 -292985
-255168 -272430
-252035 -263171
-256385 -256627
-256361 -249121
-259470 -239915
-269183 -240494
-268499 -256118
-284093 -278047
-299189 -258646
-323461 -251780
-332218 -252100
-341245 -253273
-344084 -233228
-337513 -232425
-324007 -229424
-324754 -220920
-318324 -212260
-335509 -208407
-328850 -206363
-328122 -201365
-321113 -199832
-306451 -194806
-294301 -179809
-297627 -163245
-286037 -153409
-282337 -149570
-292732 -146640
-302457 -133890
-309931 -120424
-303298 -113786
-314301 -108620
-315811 -98661
-336247 -87325
-343144 -86558
-322538 -71669
-322053 -66019
-320307 -64229
-305551 -58120
-313144 -45772
-299424 -43268
-295044 -47181
-287360 -20044
-286969 -25457
-292761 -28488
-320444 -29657
-322338 -20825
-317854 -4363
-312127 -4286
-323157 15175
-333074 26901
-337348 26603
-340894 28036
-341588 20056
-347681 17011
-357668 10669
-346262 9201
-347988 -21139
-352895 -23599
-363087 -24943
-361998 -37690
-347041 -32810
-353377 -55147
-356105 -55246
-349300 -65409
-364516 -64551
-377820 -74830
-396523 -72264
-405599 -71393
-416919 -64856
-420235 -61910
-422718 -78521
-435988 -76681
-437100 -64219
-447402 -50689
-446032 -40880
-451121 -31802
-450975 -31504
-452372 -27292
-454031 -11659
-455738 -7131
-434989 -9498
-430234 -8339
-425802 -13073
-433379 -15364
-428470 -20156
-423124 -29847
-419724 -40238
-416428 -40945
-412124 -56709
-387704 -58318
-392478 -42372
-400426 -7972
-420397 -17037
-424300 871
-433660 -1661
-438996 -1708
-445783 8589
-467471 9134
-471898 4957
-477637 11189
-479815 17515
-479661 4763
-482228 5394
-488513 6270
-493311 12095
-496868 22979
-496071 27428
-489743 23980
-483343 17702
-484409 21106
-485602 37570
-481621 70989
-496506 66427
-496522 105254
-498598 119423
-482834 104174
-493256 97767
-491864 86833
-490918 80873
-483427 81625
-475359 92391
-466706 87366
-457669 93739
-450351 93389
-444824 78531
-446309 72064
-458322 76164
-457222 67808
-466329 51272
-470462 42003
-461271 30739
-433929 38653
-423735 28880
-419477 36951
-401930 36142
-408553 34132
-407643 17848
-399923 15490
-388264 4165
-370988 -2639
-362271 -1053
-373073 25944
-350712 44012
-329551 47706
-330292 43932
-333611 39470
-333303 39222
-326945 31915
-326589 31214
-321431 32789
-315771 26617
-304028 22027
-298014 17707
-287018 12743
-291701 -2734
-278696 181
-264783 -2328
-270468 -16637
-274824 -20423
-273251 -37476
-257278 -33518
-257441 -44805
-245863 -40025
-244445 -51132
-252030 -56659
-258859 -58992
-231644 -63240
-221758 -63442
-219848 -66721
-213232 -67443
-199193 -72218
-210202 -81375
-213655 -78170
-218498 -77308
-218779 -44695
-208737 -34008
-219493 -27439
-215863 -22677
-210817 -17432
-202049 -18602
-183626 -22065
-189122 -20458
-192215 -7667
-193758 -6540
-188878 4960
-188959 5269
-187996 11865
-177277 5452
-178407 18057
-180327 20911
-180603 24035
-170236 24439
-159794 16549
-159991 2846
-150281 -7649
-158193 32527
-161352 36345
-154820 35119
-153251 37705
-152438 45280
-173961 47408
-168899 63172
-159037 65880
-161717 69972
-172411 75303
-176398 85340
-162014 93939
-152361 91417
-151161 89804
-155099 95503
-157225 99414
-158691 106134
-162714 104767
-165523 102486
-169934 103599
-173299 111662
-150507 124830
-150908 132736
-149959 133400
-141566 133799
-134135 130145
-129360 122135
-125522 119610
-126016 139647
-140001 156639
-138947 163332
-148364 159897
-151095 171660
-157298 175270
-159010 186185
-161910 190912
-179666 189343
-186520 177617
-187405 171291
-171386 175201
-167611 175705
-164715 172016
-167804 145163
-190581 132744
-187707 111284
-192394 116858
-201147 126136
-207052 135267
-212783 142489
-213348 152079
-223142 162644
-245047 161944
-241222 156536
-234103 154689
-238503 148033
-229407 132856
-252878 131321
-255385 138593
-274957 130943
-284653 129720
-282196 126426
-264382 126115
-263857 112507
-263142 108386
-259210 102336
-257066 102984
-249639 104648
-241746 108622
-236669 105044
-205451 94576
-187866 90278
-193127 80124
-185860 61738
-186297 64750
-213436 68229
-216982 79682
-235830 83468
-228698 68007
-222573 70490
-223917 64095
-225551 56403
-208824 52100
-203353 43782
-210308 38949
-214834 31088
-203770 28201
-201948 24520
-227889 25292
-229493 29102
-228463 11382
-223835 1368
-233035 -1824
-249166 -1366
-254685 19615
-258186 22460
-258275 26432
-257124 25410
-248336 52745
-263306 57944
-260922 67847
-258463 82457
-255993 93724
-265152 95158
-289006 100143
-287931 101642
-293494 112271
-294095 120086
-309623 124684
-313336 134192
-299161 143814
-294042 148242
-281943 144708
-271375 143269
-278285 147625
-276191 166857
-283662 167536
-281467 179770
-256527 172424
-252479 172480
-243289 179019
-238900 193438
-224290 196526
-225161 204152
-224505 205678
-208676 206733
-211110 200121
-220460 190546
-215324 186660
-198140 189932
-191565 203989
-191941 211323
-185543 213755
-173799 234884
-172862 238332
-178488 255028
-184603 256757
-192772 236180
-208676 236255
-223855 241954
-230759 240106
-231917 237027
-230674 220187
-234124 213107
-234408 209121
-257939 207024
-270083 203431
-272052 223319
-264512 234840
-256912 231966
-257910 252175
-256602 254322
-261166 253401
-271133 256751
-275823 246384
-283113 239927
-284968 246366
-284082 262746
-294948 266327
-301119 268499
-294596 283037
-312132 299033
-321069 295926
-316819 311253
-300468 314213
-280065 313667
-273479 313113
-283316 321305
-283417 333378
-279656 343886
-272572 352024
-267132 350097
-257505 349282
-266169 337341
-272802 328754
-260414 320298
-269616 307204
-258172 288211
-242437 311855
-238083 299855
-229163 295466
-236981 283201
-241322 275445
-243995 271663
-214634 257942
-210638 262461
-199829 267453
-206443 276851
-195178 282128
-191227 281829
-177928 283899
-170011 298432
-169423 306133
-172232 306249
-170857 317359
-175698 315777
-189165 314528
-191195 308868
-185134 330093
-196802 332850
-204488 327408
-215787 331962
-212461 335890
-206209 337332
-200885 345404
-220084 349027
-227895 348625
-236235 338974
-239354 353314
-239015 361020
-239899 370595
-242406 368186
-252381 370105
-258434 382684
-252478 387864
-249408 384096
-233758 384216
-236878 401665
-219355 404088
-221904 416617
-224352 421981
-225066 435474
-194290 437835
-196184 428239
-187044 422312
-180742 441714
-177551 430019
-170483 416712
-165949 413683
-162471 406471
-149244 406113
-140593 407854
-120115 407000
-107888 398760
-132883 397551
-136330 411506
-142020 416628
-149171 424255
-158223 422235
-159089 427470
-161104 439597
-166750 444502
-144916 452111
-145848 472255
-152888 479239
-145631 473878
-136323 472213
-134672 464150
-136202 461312
-126042 458561
-112941 456574
-108421 429502
-103056 414898
-84350 415471
-64397 420482
-56889 422981
-64355 437183
-61229 477384
-60711 479278
-60644 480390
-55837 493403
-74587 494556
-79697 483887
-76183 474934
-76991 454380
-81633 453275
-83569 453259
-98959 455852
-88215 461016
-89513 463944
-90780 464105
-85558 471046
-103657 475922
-106450 496936
-134160 497773
-131681 491706
-149011 490740
-154431 496540
-164314 488830
-170500 499199
-177932 495167
-187902 497460
-192802 494946
-192929 491585
-200172 487011
-192221 477274
-172079 476229
-178433 467858
-178982 455254
-199179 456453
-212735 457545
-212825 469569
-216992 477421
-211002 479180
-206700 477038
-203561 485371
-211052 485942
-215487 494199
-225455 499465
-225874 498526
-235171 491397
-235199 486368
-234062 478785
-224923 469765
-235597 465654
-247607 458968
-243586 447593
-248018 443705
-250500 493437
-267361 493743
-276605 491022
-285856 488434
-300761 487893
-319690 483016
-322338 488399
-324621 491297
-334279 495526
-351760 494268
-348998 483534
-346976 482637
-346808 481597
-353921 453753
-380642 461547
-385762 464226
-374043 478531
-376289 482713
-365865 486440
-378441 497946
-385038 489181
-411114 493154
-417696 489342
-417833 483270
-415251 475087
-415394 464886
-407275 474020
-404248 472389
-399613 473159
-401356 467281
-392714 450753
-442945 459202
-448570 440951
-457646 440828
-452572 461683
-450987 464714
-450758 482080
-453587 474369
-456630 471667
-470225 476470
-472078 487352
-486656 492145
-486559 496880
-495834 497142
-489979 480826
-493586 467090
-491253 455353
-484174 460677
-482950 456398
-481971 455070
-485736 442378
-482391 421174
-486737 418753
-495104 414233
-498386 414092
-497039 381531
-479067 383925
-475012 397700
-475168 386715
-480830 362539
-478067 353592
-478041 343243
-482390 346761
-485101 337334
-488036 302439
-483840 290987
-469741 283648
-470148 275153
-452590 277001
-449808 293183
-442587 305142
-430168 294698
-421030 304664
-416935 315674
-403267 321875
-398629 325938
-395846 328951
-396808 338742
-414860 345155
-429256 346554
-433692 345567
-437425 337282
-444254 331181
-449345 325699
-476311 320666
-462462 334161
-452869 356156
-443963 379054
-439335 396842
-440910 406079
-444273 403610
-465386 408707
-465724 419085
-458920 417692
-448732 412306
-433785 421525
-421630 410364
-412300 401403
-411758 417100
-404476 418148
-406756 420459
-412806 429158
-417322 442959
-411343 440650
-398517 431780
-397866 422111
-383647 411886
-383199 407385
-387944 395047
-381741 395101
-378970 400630
-369840 403309
-361954 407289
-373509 417507
-370065 434524
-350328 419580
-347058 417197
-343535 407466
-331291 406852
-334207 414692
-335446 417585
-344461 430528
-341390 448739
-307880 451364
-302315 452973
-303730 461716
-299053 463795
-294616 454703
-292093 450377
-272539 444888
-279651 442726
-297665 440400
-298538 445197
-301373 446950
-300236 426613
-304674 417134
-289518 421255
-280800 417038
-279167 422933
-273072 425891
-261133 430482
-256029 414264
-239061 421731
-239811 413528
-267909 413404
-276067 412420
-270983 404778
-290565 396081
-281312 389970
-282012 370675
-314457 365974
-315827 365404
-323021 356832
-321975 379913
-329083 381280
-334436 382007
-337091 375942
-346713 385069
-358400 386094
-365543 382995
-370397 380404
-367767 372363
-363186 372258
-368558 368496
-380634 363573
-382641 376693
-386826 373155
-404505 368721
-402424 379790
-419507 385779
-428667 369335
-430682 369297
-419076 357326
-417468 364740
-403646 364641
-400564 358683
-392234 357066
-386149 348025
-379882 353039
-368633 349967
-356991 350985
-355689 364384
-346124 343790
-341351 345554
-332442 330537
-325798 313853
-340812 309880
-360176 312172
-367309 300262
-381464 299553
-389117 299175
-390822 298397
-398671 281706
-398444 268790
-403741 269552
-408137 279518
-420532 273559
-420242 268656
-417790 263205
-414680 250416
-409828 252899
-406775 251517
-399151 246635
-395701 246264
-383004 256733
-377985 265474
-355096 269803
-357671 274725
-366517 273278
-367561 282094
-367394 293192
-350091 295157
-341231 284599
-324861 274809
-331073 266620
-330605 254406
-348656 256051
-358522 250612
-368846 233565
-386681 234075
-387922 227333
-390035 229046
-391236 226942
-393914 227174
-397282 224557
-398201 223825
-386782 213850
-376384 217029
-364589 211673
-368645 226882
-353810 225527
-336546 219143
-344684 210004
-347920 203070
-322399 203475
-304263 213918
-298993 219489
-297088 228545
-287758 227183
-287553 217309
-286551 208498
-292460 202945
-293356 189397
-302538 173779
-312252 176692
-315531 169019
-319661 162228
-334631 184054
-346108 181049
-355078 178889
-356350 176538
-362634 184434
-359251 189743
-363399 195088
-361571 201040
-366198 197831
-375546 198440
-377110 201557
-389935 201512
-406070 208456
-412078 208038
-415404 204789
-424233 201622
-450592 213654
-441509 236984
-446514 246148
-436399 245562
-439842 261700
-440078 264596
-458839 262575
-467665 256224
-473401 255437
-477573 266545
-493686 263441
-487615 256716
-495377 248490
-492222 219839
-481127 205972
-491101 188386
-480408 186972
-459005 192609
-463613 180203
-458079 173028
-457915 168204
-448998 174726
-433813 183780
-404860 182951
-401642 185706
-390852 177185
-380465 176634
-393854 169999
-387728 163037
-383376 162562
-382576 158150
-388985 149481
-377136 146169
-365814 162641
-364905 165489
-363934 152807
-358049 152303
-331334 142866
-337034 129455
-345941 129898
-342493 120565
-321227 119525
-320090 116012
-313402 102500
-308927 87404
-306028 79949
-297264 73257
-300248 69890
-291268 57913
-299631 56731
-310397 62331
-327674 62625
-339719 61569
-354028 68786
-354780 84473
-339040 94967
-349161 102277
-355333 112676
-362127 125798
-369092 124549
-387972 119886
-403941 122579
-413103 123164
-426542 111570
-434297 112241
-435888 111915
-438487 134468
-443759 136535
-431798 144809
-416609 143862
-414592 144371
-411635 136939
-400376 149137
-402174 157360
-400278 162604
-411365 161617
-427080 157516
-437922 159593
-499826 150229
-491240 136731
-471231 138218
-466430 144343
-463538 142285
-459292 142150
-460085 130195
-451043 121753
-446535 118904
-448308 110596
-439908 97817
-432225 90998
-416986 94611
-413288 89803
-413154 98087
-410547 100463
-409613 98512
-407192 96804
-393315 89231
-370441 93635
-372031 105747
-377016 79644
-391137 49544
-392725 49593
-397411 61726
-408023 57520
-414593 67495
