0 -1
0 -3
-1 -5
-1 -7
-2 -10
-2 -13
-3 -17
-3 -21
-4 -25
-6 -29
-7 -34
-7 -38
-8 -43
-10 -49
-13 -54
-15 -60
-16 -67
-18 -73
-21 -78
-23 -82
-26 -86
-30 -89
-35 -92
-39 -96
-42 -99
-45 -102
-48 -106
-52 -109
-56 -112
-60 -116
-64 -119
-68 -122
-71 -124
-73 -127
-75 -130
-76 -134
-78 -138
-81 -141
-85 -143
-90 -144
-94 -144
-98 -145
-102 -145
-106 -146
-111 -148
-115 -151
-120 -155
-124 -159
-128 -162
-133 -165
-137 -167
-141 -168
-144 -168
-146 -168
-149 -168
-151 -167
-154 -166
-156 -166
-158 -167
-160 -168
-163 -170
-165 -173
-168 -175
-172 -177
-177 -178
-181 -179
-185 -179
-188 -178
-190 -177
-192 -176
-193 -176
-193 -175
-194 -175
-194 -174
-195 -174
-197 -174
-198 -173
-199 -171
-199 -169
-198 -168
-197 -168
-195 -168
-193 -169
-191 -169
-188 -169
-186 -168
-184 -167
-181 -167
-179 -168
-178 -169
-176 -170
-175 -172
-175 -173
-174 -174
-173 -174
-173 -173
-172 -172
-170 -172
-167 -172
